2.702679261956519169e-02 1.325848614221515620e-01 1.002006502007740012e-03 -1.483850427573665254e-01 0.000000000000000000e+00 0.000000000000000000e+00 2.969240411026689082e-04 1.012207178114545372e-02 7.110716709589810086e-03 3.643434316419298397e-03 7.738654210702994307e-03 1.325848614221515620e-01 -5.834754908542973649e-03 2.939733487554279647e-04 7.670795113368479579e-02 0.000000000000000000e+00 0.000000000000000000e+00 -4.704099967174334975e-04 4.586004607136399264e-02 4.129986266068434025e-02 2.348017634699764780e-02 4.464516606903977392e-02 1.002006502007740012e-03 2.939733487554279647e-04 -1.569669103210561967e-01 2.313515444162760320e-04 0.000000000000000000e+00 0.000000000000000000e+00 -1.876308487975933458e-04 -1.692140786335050314e-04 -1.789169254717842697e-04 -1.734344212199084335e-04 -2.358604875667187238e-04 -1.483850427573665254e-01 7.670795113368479579e-02 2.313515444162760320e-04 -1.901944780813914261e-04 0.000000000000000000e+00 0.000000000000000000e+00 -4.319045462064577119e-04 5.442028859587720244e-03 4.639572403098212589e-03 2.587840024795212863e-03 5.041433475600711270e-03 0.000000000000000000e+00 0.000000000000000000e+00 0.000000000000000000e+00 0.000000000000000000e+00 1.566619038025060745e-03 0.000000000000000000e+00 0.000000000000000000e+00 0.000000000000000000e+00 0.000000000000000000e+00 0.000000000000000000e+00 0.000000000000000000e+00 0.000000000000000000e+00 0.000000000000000000e+00 0.000000000000000000e+00 0.000000000000000000e+00 0.000000000000000000e+00 1.154204203983201027e-03 0.000000000000000000e+00 0.000000000000000000e+00 0.000000000000000000e+00 0.000000000000000000e+00 0.000000000000000000e+00 2.969240411026689082e-04 -4.704099967174334975e-04 -1.876308487975933458e-04 -4.319045462064577119e-04 0.000000000000000000e+00 0.000000000000000000e+00 1.812577840376570961e-03 3.610304335932806012e-05 9.270638091211611280e-04 3.006533064442544218e-04 1.020429183723538550e-03 1.012207178114545372e-02 4.586004607136399264e-02 -1.692140786335050314e-04 5.442028859587720244e-03 0.000000000000000000e+00 0.000000000000000000e+00 3.610304335932806012e-05 -7.904439533889956460e-02 1.254102797862392143e-04 1.251428763465940119e-05 7.563860512936723175e-06 7.110716709589810086e-03 4.129986266068434025e-02 -1.789169254717842697e-04 4.639572403098212589e-03 0.000000000000000000e+00 0.000000000000000000e+00 9.270638091211611280e-04 1.254102797862392143e-04 -7.422891979912014937e-02 4.253099508896182016e-05 3.998788630948205982e-05 3.643434316419298397e-03 2.348017634699764780e-02 -1.734344212199084335e-04 2.587840024795212863e-03 0.000000000000000000e+00 0.000000000000000000e+00 3.006533064442544218e-04 1.251428763465940119e-05 4.253099508896182016e-05 -4.343608467086894354e-02 4.360786653948798284e-05 7.738654210702994307e-03 4.464516606903977392e-02 -2.358604875667187238e-04 5.041433475600711270e-03 0.000000000000000000e+00 0.000000000000000000e+00 1.020429183723538550e-03 7.563860512936723175e-06 3.998788630948205982e-05 4.360786653948798284e-05 -8.017914635154961556e-02
-1.836553365491183643e+00 -7.229364022807843737e-02 2.058566691347012423e-01 1.824334241450672189e-01 -1.864882816762947551e-02 0.000000000000000000e+00 3.563088493232027007e-04 -8.643927965486117304e-03 -4.489701676703463686e-03 -1.605581224184775583e-03 -4.578496381895019555e-03 -7.229364022807843737e-02 -3.018103749534755131e-01 -1.925525434348053164e-02 -1.783568618042198281e-02 -3.341389059797314487e-02 0.000000000000000000e+00 4.704099967174334975e-04 -9.333219366975094647e-03 -9.227587623178502493e-03 -5.380873746186960738e-03 -9.855445048353150481e-03 2.058566691347012423e-01 -1.925525434348053164e-02 -2.488566528919732956e+00 -1.082725227868171908e-01 -2.258692022127481158e-01 0.000000000000000000e+00 9.381542439879667289e-04 -6.629807600860727901e-02 -5.983493178992099759e-02 -3.394978795379707120e-02 -6.452094670991793957e-02 1.824334241450672189e-01 -1.783568618042198281e-02 -1.082725227868171908e-01 1.027050181639513815e-03 -4.152017195933061476e-03 0.000000000000000000e+00 -2.468025978322615729e-04 -2.337067608411904534e-04 -1.059032831141983478e-03 -9.410327362891682647e-04 -1.111700715132464502e-03 -1.864882816762947551e-02 -3.341389059797314487e-02 -2.258692022127481158e-01 -4.152017195933061476e-03 -4.205253103498698963e-01 0.000000000000000000e+00 2.095253145260981675e-03 -1.111891738944406766e-01 -1.070939679008506146e-01 -6.287433508166440088e-02 -1.161392833820544812e-01 0.000000000000000000e+00 0.000000000000000000e+00 0.000000000000000000e+00 0.000000000000000000e+00 0.000000000000000000e+00 -9.893178891284578995e-04 0.000000000000000000e+00 0.000000000000000000e+00 0.000000000000000000e+00 0.000000000000000000e+00 0.000000000000000000e+00 3.563088493232027007e-04 4.704099967174334975e-04 9.381542439879667289e-04 -2.468025978322615729e-04 2.095253145260981675e-03 0.000000000000000000e+00 7.005668953602697726e-04 3.610304335932806012e-05 1.417862296302952428e-03 4.741071370851704511e-04 1.593546944444978108e-03 -8.643927965486117304e-03 -9.333219366975094647e-03 -6.629807600860727901e-02 -2.337067608411904534e-04 -1.111891738944406766e-01 0.000000000000000000e+00 3.610304335932806012e-05 -1.116688893577558322e-01 2.360664090093914590e-04 0.000000000000000000e+00 -7.563860512936723175e-06 -4.489701676703463686e-03 -9.227587623178502493e-03 -5.983493178992099759e-02 -1.059032831141983478e-03 -1.070939679008506146e-01 0.000000000000000000e+00 1.417862296302952428e-03 2.360664090093914590e-04 -1.062352548041999994e-01 8.506199017792364031e-05 9.140088299310185295e-05 -1.605581224184775583e-03 -5.380873746186960738e-03 -3.394978795379707120e-02 -9.410327362891682647e-04 -6.287433508166440088e-02 0.000000000000000000e+00 4.741071370851704511e-04 0.000000000000000000e+00 8.506199017792364031e-05 -6.257147700111148625e-02 9.206105158336352835e-05 -4.578496381895019555e-03 -9.855445048353150481e-03 -6.452094670991793957e-02 -1.111700715132464502e-03 -1.161392833820544812e-01 0.000000000000000000e+00 1.593546944444978108e-03 -7.563860512936723175e-06 9.140088299310185295e-05 9.206105158336352835e-05 -1.145628351137465278e-01
-2.995146509339036839e-02 -3.363468589761950400e-01 3.117353561801857430e-03 -2.409746734342429197e-01 0.000000000000000000e+00 -2.240986338319123777e-02 4.750784657642702856e-04 -3.341890365838498956e-03 -6.552537582215865568e-03 -4.775574923216255492e-03 -7.365407223048509380e-03 -3.363468589761950400e-01 -3.885209747416962678e+00 0.000000000000000000e+00 -1.450055787026177656e-01 0.000000000000000000e+00 -2.958619686417831574e-01 1.254426657913155921e-03 -8.713832990803110912e-02 -7.849857526662268326e-02 -4.451450099118304388e-02 -8.469112444884807633e-02 3.117353561801857430e-03 0.000000000000000000e+00 -2.563219616248721411e-01 -4.627030888325520640e-04 0.000000000000000000e+00 -1.445013863908348271e-03 -2.501744650634577763e-04 -3.384281572670100628e-04 -2.555956078168346865e-04 -1.734344212199084335e-04 -4.193075334519443496e-04 -2.409746734342429197e-01 -1.450055787026177656e-01 -4.627030888325520640e-04 6.847001210930091014e-04 0.000000000000000000e+00 -5.226972211416917695e-03 2.468025978322615729e-04 -1.135147124085782210e-03 -1.865914988202542132e-03 -1.240452243290267233e-03 -2.119987410252606886e-03 0.000000000000000000e+00 0.000000000000000000e+00 0.000000000000000000e+00 0.000000000000000000e+00 8.952108788714632521e-04 0.000000000000000000e+00 0.000000000000000000e+00 0.000000000000000000e+00 0.000000000000000000e+00 0.000000000000000000e+00 0.000000000000000000e+00 -2.240986338319123777e-02 -2.958619686417831574e-01 -1.445013863908348271e-03 -5.226972211416917695e-03 0.000000000000000000e+00 -4.488205490346104387e-01 2.055360822803449505e-03 -1.272045605608509156e-01 -1.214791779094633317e-01 -7.088812262225042959e-02 -1.311218504398580231e-01 4.750784657642702856e-04 1.254426657913155921e-03 -2.501744650634577763e-04 2.468025978322615729e-04 0.000000000000000000e+00 2.055360822803449505e-03 1.267692477318583481e-03 7.220608671865612024e-05 1.635994957272637450e-03 5.781794354697200253e-04 1.761288728070765095e-03 -3.341890365838498956e-03 -8.713832990803110912e-02 -3.384281572670100628e-04 -1.135147124085782210e-03 0.000000000000000000e+00 -1.272045605608509156e-01 7.220608671865612024e-05 -1.271638960479491431e-01 1.622956561939566382e-04 0.000000000000000000e+00 0.000000000000000000e+00 -6.552537582215865568e-03 -7.849857526662268326e-02 -2.555956078168346865e-04 -1.865914988202542132e-03 0.000000000000000000e+00 -1.214791779094633317e-01 1.635994957272637450e-03 1.622956561939566382e-04 -1.203589740634336269e-01 5.670799345194909354e-05 9.140088299310185295e-05 -4.775574923216255492e-03 -4.451450099118304388e-02 -1.734344212199084335e-04 -1.240452243290267233e-03 0.000000000000000000e+00 -7.088812262225042959e-02 5.781794354697200253e-04 0.000000000000000000e+00 5.670799345194909354e-05 -7.052919217489478365e-02 8.721573307897596567e-05 -7.365407223048509380e-03 -8.469112444884807633e-02 -4.193075334519443496e-04 -2.119987410252606886e-03 0.000000000000000000e+00 -1.311218504398580231e-01 1.761288728070765095e-03 0.000000000000000000e+00 9.140088299310185295e-05 8.721573307897596567e-05 -1.297603044979348530e-01
-1.920417467752676480e-02 -2.414440108003391705e-01 1.781344892458204369e-03 -1.734270781005786410e-01 0.000000000000000000e+00 0.000000000000000000e+00 3.563088493232027007e-04 -4.209496518508108916e-03 -5.630328589163262863e-03 -3.746356189764476433e-03 -6.096367465023259588e-03 -2.414440108003391705e-01 -3.692785672380487494e+00 -1.322880069399425679e-03 -1.039689999297769285e-01 0.000000000000000000e+00 0.000000000000000000e+00 6.272133289565779606e-04 -6.176894271961699129e-02 -5.594224996551967755e-02 -3.171454374646557467e-02 -6.034817517941579168e-02 1.781344892458204369e-03 -1.322880069399425679e-03 -1.810435081193058626e-01 2.313515444162760320e-04 0.000000000000000000e+00 0.000000000000000000e+00 -2.501744650634577763e-04 -3.384281572670100628e-04 -3.067147293802016130e-04 -2.818309344823512045e-04 -2.358604875667187238e-04 -1.734270781005786410e-01 -1.039689999297769285e-01 2.313515444162760320e-04 4.564667473953394443e-03 0.000000000000000000e+00 0.000000000000000000e+00 1.234012989161307864e-04 -1.201920484326122378e-03 -1.512904044488547640e-03 -1.005194059217975194e-03 -1.758038340209478823e-03 0.000000000000000000e+00 0.000000000000000000e+00 0.000000000000000000e+00 0.000000000000000000e+00 -1.566619038025060745e-03 0.000000000000000000e+00 0.000000000000000000e+00 0.000000000000000000e+00 0.000000000000000000e+00 0.000000000000000000e+00 0.000000000000000000e+00 0.000000000000000000e+00 0.000000000000000000e+00 0.000000000000000000e+00 0.000000000000000000e+00 0.000000000000000000e+00 -1.154204203983201027e-03 0.000000000000000000e+00 0.000000000000000000e+00 0.000000000000000000e+00 0.000000000000000000e+00 0.000000000000000000e+00 3.563088493232027007e-04 6.272133289565779606e-04 -2.501744650634577763e-04 1.234012989161307864e-04 0.000000000000000000e+00 0.000000000000000000e+00 2.224021890032602377e-03 5.415456503899209356e-05 1.145196470090846042e-03 3.815984274100152319e-04 1.258063377193403701e-03 -4.209496518508108916e-03 -6.176894271961699129e-02 -3.384281572670100628e-04 -1.201920484326122378e-03 0.000000000000000000e+00 0.000000000000000000e+00 5.415456503899209356e-05 -9.356587670857012540e-02 6.639367753389134954e-05 0.000000000000000000e+00 0.000000000000000000e+00 -5.630328589163262863e-03 -5.594224996551967755e-02 -3.067147293802016130e-04 -1.512904044488547640e-03 0.000000000000000000e+00 0.000000000000000000e+00 1.145196470090846042e-03 6.639367753389134954e-05 -8.719748411039278391e-02 2.835399672597454677e-05 2.285022074827546324e-05 -3.746356189764476433e-03 -3.171454374646557467e-02 -2.818309344823512045e-04 -1.005194059217975194e-03 0.000000000000000000e+00 0.000000000000000000e+00 3.815984274100152319e-04 0.000000000000000000e+00 2.835399672597454677e-05 -5.075916003478873895e-02 5.329850354826309465e-05 -6.096367465023259588e-03 -6.034817517941579168e-02 -2.358604875667187238e-04 -1.758038340209478823e-03 0.000000000000000000e+00 0.000000000000000000e+00 1.258063377193403701e-03 0.000000000000000000e+00 2.285022074827546324e-05 5.329850354826309465e-05 -9.401774642800476978e-02
-1.836553365491183643e+00 -7.229364022807843737e-02 2.058566691347012423e-01 1.824334241450672189e-01 -1.864882816762947551e-02 0.000000000000000000e+00 3.563088493232027007e-04 -8.643927965486117304e-03 -4.489701676703463686e-03 -1.605581224184775583e-03 -4.578496381895019555e-03 -7.229364022807843737e-02 -3.018103749534755131e-01 -1.925525434348053164e-02 -1.783568618042198281e-02 -3.341389059797314487e-02 0.000000000000000000e+00 4.704099967174334975e-04 -9.333219366975094647e-03 -9.227587623178502493e-03 -5.380873746186960738e-03 -9.855445048353150481e-03 2.058566691347012423e-01 -1.925525434348053164e-02 -2.488566528919732956e+00 -1.082725227868171908e-01 -2.258692022127481158e-01 0.000000000000000000e+00 9.381542439879667289e-04 -6.629807600860727901e-02 -5.983493178992099759e-02 -3.394978795379707120e-02 -6.452094670991793957e-02 1.824334241450672189e-01 -1.783568618042198281e-02 -1.082725227868171908e-01 1.027050181639513815e-03 -4.152017195933061476e-03 0.000000000000000000e+00 -2.468025978322615729e-04 -2.337067608411904534e-04 -1.059032831141983478e-03 -9.410327362891682647e-04 -1.111700715132464502e-03 -1.864882816762947551e-02 -3.341389059797314487e-02 -2.258692022127481158e-01 -4.152017195933061476e-03 -4.205253103498698963e-01 0.000000000000000000e+00 2.095253145260981675e-03 -1.111891738944406766e-01 -1.070939679008506146e-01 -6.287433508166440088e-02 -1.161392833820544812e-01 0.000000000000000000e+00 0.000000000000000000e+00 0.000000000000000000e+00 0.000000000000000000e+00 0.000000000000000000e+00 -9.893178891284578995e-04 0.000000000000000000e+00 0.000000000000000000e+00 0.000000000000000000e+00 0.000000000000000000e+00 0.000000000000000000e+00 3.563088493232027007e-04 4.704099967174334975e-04 9.381542439879667289e-04 -2.468025978322615729e-04 2.095253145260981675e-03 0.000000000000000000e+00 7.005668953602697726e-04 3.610304335932806012e-05 1.417862296302952428e-03 4.741071370851704511e-04 1.593546944444978108e-03 -8.643927965486117304e-03 -9.333219366975094647e-03 -6.629807600860727901e-02 -2.337067608411904534e-04 -1.111891738944406766e-01 0.000000000000000000e+00 3.610304335932806012e-05 -1.116688893577558322e-01 2.360664090093914590e-04 0.000000000000000000e+00 -7.563860512936723175e-06 -4.489701676703463686e-03 -9.227587623178502493e-03 -5.983493178992099759e-02 -1.059032831141983478e-03 -1.070939679008506146e-01 0.000000000000000000e+00 1.417862296302952428e-03 2.360664090093914590e-04 -1.062352548041999994e-01 8.506199017792364031e-05 9.140088299310185295e-05 -1.605581224184775583e-03 -5.380873746186960738e-03 -3.394978795379707120e-02 -9.410327362891682647e-04 -6.287433508166440088e-02 0.000000000000000000e+00 4.741071370851704511e-04 0.000000000000000000e+00 8.506199017792364031e-05 -6.257147700111148625e-02 9.206105158336352835e-05 -4.578496381895019555e-03 -9.855445048353150481e-03 -6.452094670991793957e-02 -1.111700715132464502e-03 -1.161392833820544812e-01 0.000000000000000000e+00 1.593546944444978108e-03 -7.563860512936723175e-06 9.140088299310185295e-05 9.206105158336352835e-05 -1.145628351137465278e-01
-1.835425780922961936e+00 -7.592227854068468729e-02 2.160994022663359215e-01 1.915496036779032185e-01 0.000000000000000000e+00 -2.172384715717518011e-02 1.187696164410675714e-04 -9.415133434525770409e-03 -4.805194226958301590e-03 -1.749671846868024660e-03 -5.026392767080401121e-03 -7.592227854068468729e-02 -3.144625803341055681e-01 -1.999018771536910030e-02 -1.783568618042198281e-02 0.000000000000000000e+00 -3.411469638420560474e-02 0.000000000000000000e+00 -9.884727784114533122e-03 -9.515949736402832052e-03 -5.543930526374444764e-03 -1.024966285028727601e-02 2.160994022663359215e-01 -1.999018771536910030e-02 -2.512838553648163220e+00 -1.137092840805996735e-01 0.000000000000000000e+00 -2.362597667490149433e-01 9.381542439879667289e-04 -6.941161505546376842e-02 -6.279984084059628269e-02 -3.561909425803869156e-02 -6.769195993164826841e-02 1.915496036779032185e-01 -1.783568618042198281e-02 -1.137092840805996735e-01 4.945056430116177024e-04 0.000000000000000000e+00 -3.801434335575940102e-03 0.000000000000000000e+00 -1.001600403605101846e-04 -1.033817763733840952e-03 -9.838069515750395150e-04 -1.215114735144786837e-03 0.000000000000000000e+00 0.000000000000000000e+00 0.000000000000000000e+00 0.000000000000000000e+00 -1.566619038025060745e-03 0.000000000000000000e+00 0.000000000000000000e+00 0.000000000000000000e+00 0.000000000000000000e+00 0.000000000000000000e+00 0.000000000000000000e+00 -2.172384715717518011e-02 -3.411469638420560474e-02 -2.362597667490149433e-01 -3.801434335575940102e-03 0.000000000000000000e+00 -4.214494207687231042e-01 1.669980668527802723e-03 -1.160828503478803508e-01 -1.120296307946390402e-01 -6.572290765731259032e-02 -1.212715636457307594e-01 1.187696164410675714e-04 0.000000000000000000e+00 9.381542439879667289e-04 0.000000000000000000e+00 0.000000000000000000e+00 1.669980668527802723e-03 1.723616964775266918e-03 1.805152167966403006e-05 1.486028752855978862e-03 4.856707257945648603e-04 1.635482390351424746e-03 -9.415133434525770409e-03 -9.884727784114533122e-03 -6.941161505546376842e-02 -1.001600403605101846e-04 0.000000000000000000e+00 -1.160828503478803508e-01 1.805152167966403006e-05 -1.160676609565058220e-01 2.434434842909349438e-04 2.502857526931880238e-05 1.512772102587344635e-05 -4.805194226958301590e-03 -9.515949736402832052e-03 -6.279984084059628269e-02 -1.033817763733840952e-03 0.000000000000000000e+00 -1.120296307946390402e-01 1.486028752855978862e-03 2.434434842909349438e-04 -1.109970189305215099e-01 1.086903207829024293e-04 9.140088299310185295e-05 -1.749671846868024660e-03 -5.543930526374444764e-03 -3.561909425803869156e-02 -9.838069515750395150e-04 0.000000000000000000e+00 -6.572290765731259032e-02 4.856707257945648603e-04 2.502857526931880238e-05 1.086903207829024293e-04 -6.539863034357713822e-02 9.690637008775107749e-05 -5.026392767080401121e-03 -1.024966285028727601e-02 -6.769195993164826841e-02 -1.215114735144786837e-03 0.000000000000000000e+00 -1.212715636457307594e-01 1.635482390351424746e-03 1.512772102587344635e-05 9.140088299310185295e-05 9.690637008775107749e-05 -1.198362632749352119e-01
-1.830739257561290190e+00 -5.317350758088393997e-02 -1.520823201936191971e-01 1.380606948527089151e-01 0.000000000000000000e+00 0.000000000000000000e+00 2.375392328821351428e-04 -5.430571844487560966e-03 -2.960776240853094880e-03 -1.173309356135028353e-03 -3.160157828807975185e-03 -5.317350758088393997e-02 -2.233789852881136462e-01 1.322880069399425679e-02 -1.305050208323559752e-02 0.000000000000000000e+00 0.000000000000000000e+00 4.704099967174334975e-04 -7.169609422812686303e-03 -6.888650482581174309e-03 -4.076419504687091994e-03 -7.457286753253884216e-03 -1.520823201936191971e-01 1.322880069399425679e-02 -6.527259468031968749e-03 8.085736477348846873e-02 0.000000000000000000e+00 0.000000000000000000e+00 -1.063241476519695590e-03 4.883518309362955279e-02 4.421804015231239893e-02 2.516967037953921071e-02 4.780105881352166020e-02 1.380606948527089151e-01 -1.305050208323559752e-02 8.085736477348846873e-02 1.863905885197636014e-03 0.000000000000000000e+00 0.000000000000000000e+00 -1.234012989161307864e-04 -2.337067608411904534e-04 -8.573122918768437059e-04 -6.416132292880692960e-04 -8.531656651016587736e-04 0.000000000000000000e+00 0.000000000000000000e+00 0.000000000000000000e+00 0.000000000000000000e+00 1.342816318307194987e-03 0.000000000000000000e+00 0.000000000000000000e+00 0.000000000000000000e+00 0.000000000000000000e+00 0.000000000000000000e+00 0.000000000000000000e+00 0.000000000000000000e+00 0.000000000000000000e+00 0.000000000000000000e+00 0.000000000000000000e+00 0.000000000000000000e+00 9.893178891284578995e-04 0.000000000000000000e+00 0.000000000000000000e+00 0.000000000000000000e+00 0.000000000000000000e+00 0.000000000000000000e+00 2.375392328821351428e-04 4.704099967174334975e-04 -1.063241476519695590e-03 -1.234012989161307864e-04 0.000000000000000000e+00 0.000000000000000000e+00 1.679136526974614897e-03 -1.805152167966403006e-05 9.952302656741876703e-04 3.584712499912264677e-04 1.160214003411694445e-03 -5.430571844487560966e-03 -7.169609422812686303e-03 4.883518309362955279e-02 -2.337067608411904534e-04 0.000000000000000000e+00 0.000000000000000000e+00 -1.805152167966403006e-05 -8.567674008105627403e-02 1.032790539416087735e-04 -6.257143817329700594e-06 0.000000000000000000e+00 -2.960776240853094880e-03 -6.888650482581174309e-03 4.421804015231239893e-02 -8.573122918768437059e-04 0.000000000000000000e+00 0.000000000000000000e+00 9.952302656741876703e-04 1.032790539416087735e-04 -8.023312550130322351e-02 4.253099508896182016e-05 3.998788630948205982e-05 -1.173309356135028353e-03 -4.076419504687091994e-03 2.516967037953921071e-02 -6.416132292880692960e-04 0.000000000000000000e+00 0.000000000000000000e+00 3.584712499912264677e-04 -6.257143817329700594e-06 4.253099508896182016e-05 -4.690723040986978509e-02 4.360786653948798284e-05 -3.160157828807975185e-03 -7.457286753253884216e-03 4.780105881352166020e-02 -8.531656651016587736e-04 0.000000000000000000e+00 0.000000000000000000e+00 1.160214003411694445e-03 0.000000000000000000e+00 3.998788630948205982e-05 4.360786653948798284e-05 -8.670406190678567326e-02
-1.835143884780906509e+00 -7.159582516796184071e-02 -2.026279815171207477e-01 1.818842567033301105e-01 -2.184577013922309879e-02 0.000000000000000000e+00 -5.938480822053378571e-05 -9.158064944845886041e-03 -5.047880804077408204e-03 -1.852593720213202696e-03 -5.175691562142195265e-03 -7.159582516796184071e-02 -2.964055493539830555e-01 1.925525434348053164e-02 -1.711065828690889676e-02 -3.411734092635152621e-02 0.000000000000000000e+00 7.840166611957224507e-05 -9.375643091370436735e-03 -8.971265744756878532e-03 -5.190640835968230241e-03 -9.691187630880598175e-03 -2.026279815171207477e-01 1.925525434348053164e-02 -5.432868659020620612e-03 1.065373862036951141e-01 2.227827907539403907e-01 0.000000000000000000e+00 -6.879797789245088984e-04 6.558737687834655106e-02 5.924706189194228062e-02 3.355956050605227864e-02 6.386577868889928289e-02 1.818842567033301105e-01 -1.711065828690889676e-02 1.065373862036951141e-01 4.564667473953394443e-03 -3.321613756746449094e-03 0.000000000000000000e+00 -6.170064945806539322e-05 2.337067608411904534e-04 -7.312369548361314026e-04 -6.416132292880692960e-04 -9.048726751078199409e-04 -2.184577013922309879e-02 -3.411734092635152621e-02 2.227827907539403907e-01 -3.321613756746449094e-03 -3.840454670358577349e-01 0.000000000000000000e+00 2.843557839997046775e-03 -1.102983647809382406e-01 -1.066046750720631708e-01 -6.245932296891414798e-02 -1.154494712237377346e-01 0.000000000000000000e+00 0.000000000000000000e+00 0.000000000000000000e+00 0.000000000000000000e+00 0.000000000000000000e+00 0.000000000000000000e+00 0.000000000000000000e+00 0.000000000000000000e+00 0.000000000000000000e+00 0.000000000000000000e+00 0.000000000000000000e+00 -5.938480822053378571e-05 7.840166611957224507e-05 -6.879797789245088984e-04 -6.170064945806539322e-05 2.843557839997046775e-03 0.000000000000000000e+00 2.490904516836514940e-03 1.805152167966403006e-05 1.431495587613557715e-03 4.509799596663816327e-04 1.551611498538531253e-03 -9.158064944845886041e-03 -9.375643091370436735e-03 6.558737687834655106e-02 2.337067608411904534e-04 -1.102983647809382406e-01 0.000000000000000000e+00 1.805152167966403006e-05 -1.108614168511015130e-01 2.213122584463045165e-04 0.000000000000000000e+00 7.563860512936723175e-06 -5.047880804077408204e-03 -8.971265744756878532e-03 5.924706189194228062e-02 -7.312369548361314026e-04 -1.066046750720631708e-01 0.000000000000000000e+00 1.431495587613557715e-03 2.213122584463045165e-04 -1.054181033940668338e-01 1.086903207829024293e-04 8.568832780603299307e-05 -1.852593720213202696e-03 -5.190640835968230241e-03 3.355956050605227864e-02 -6.416132292880692960e-04 -6.245932296891414798e-02 0.000000000000000000e+00 4.509799596663816327e-04 0.000000000000000000e+00 1.086903207829024293e-04 -6.201165788462135314e-02 9.206105158336352835e-05 -5.175691562142195265e-03 -9.691187630880598175e-03 6.386577868889928289e-02 -9.048726751078199409e-04 -1.154494712237377346e-01 0.000000000000000000e+00 1.551611498538531253e-03 7.563860512936723175e-06 8.568832780603299307e-05 9.206105158336352835e-05 -1.139497820065220740e-01
3.488464757936055038e-02 1.849209909308955901e-01 2.560683282908668510e-03 -2.046197887912463709e-01 0.000000000000000000e+00 4.687777544443065547e-02 5.938480822053378571e-05 1.619531484983272387e-02 1.140626912459798831e-02 5.434274912625394749e-03 1.196878673745382753e-02 1.849209909308955901e-01 -1.037972188993434297e-02 0.000000000000000000e+00 1.064340947677214350e-01 0.000000000000000000e+00 2.194812767373227891e-01 -7.840166611957224236e-04 6.448406108091883637e-02 5.802486522769537830e-02 3.296464572790294700e-02 6.264777902403152743e-02 2.560683282908668510e-03 0.000000000000000000e+00 -2.201679795414615559e-01 -6.940546332488280960e-04 0.000000000000000000e+00 -2.408356439847247118e-04 -3.127180813293222610e-04 -4.061137887204121079e-04 -2.044764862534677601e-04 -1.517551185674198794e-04 -3.144806500889582622e-04 -2.046197887912463709e-01 1.064340947677214350e-01 -6.940546332488280960e-04 4.108200726558055259e-03 0.000000000000000000e+00 2.542209211916409903e-02 -6.170064945806539322e-05 8.012803228840814987e-03 6.681992863157752184e-03 3.657195406941995096e-03 7.316541915871801333e-03 0.000000000000000000e+00 0.000000000000000000e+00 0.000000000000000000e+00 0.000000000000000000e+00 -1.790421757742926504e-03 0.000000000000000000e+00 0.000000000000000000e+00 0.000000000000000000e+00 0.000000000000000000e+00 0.000000000000000000e+00 0.000000000000000000e+00 4.687777544443065547e-02 2.194812767373227891e-01 -2.408356439847247118e-04 2.542209211916409903e-02 0.000000000000000000e+00 -3.850095451858249196e-01 1.541520617102587129e-03 -1.065598859780242935e-01 -1.030525610355559757e-01 -6.060222040758972417e-02 -1.114751035553965403e-01 5.938480822053378571e-05 -7.840166611957224236e-04 -3.127180813293222610e-04 -6.170064945806539322e-05 0.000000000000000000e+00 1.541520617102587129e-03 1.245452258418257470e-03 1.083091300779841871e-04 1.322429257128715204e-03 4.856707257945648603e-04 1.551611498538531253e-03 1.619531484983272387e-02 6.448406108091883637e-02 -4.061137887204121079e-04 8.012803228840814987e-03 0.000000000000000000e+00 -1.065598859780242935e-01 1.083091300779841871e-04 -1.069901071316983060e-01 2.581976348540219405e-04 -6.257143817329700594e-06 7.563860512936723175e-06 1.140626912459798831e-02 5.802486522769537830e-02 -2.044764862534677601e-04 6.681992863157752184e-03 0.000000000000000000e+00 -1.030525610355559757e-01 1.322429257128715204e-03 2.581976348540219405e-04 -1.022293557322516838e-01 8.506199017792364031e-05 1.199636589284461795e-04 5.434274912625394749e-03 3.296464572790294700e-02 -1.517551185674198794e-04 3.657195406941995096e-03 0.000000000000000000e+00 -6.060222040758972417e-02 4.856707257945648603e-04 -6.257143817329700594e-06 8.506199017792364031e-05 -6.027341284750045020e-02 7.752509607020086741e-05 1.196878673745382753e-02 6.264777902403152743e-02 -3.144806500889582622e-04 7.316541915871801333e-03 0.000000000000000000e+00 -1.114751035553965403e-01 1.551611498538531253e-03 7.563860512936723175e-06 1.199636589284461795e-04 7.752509607020086741e-05 -1.102734157616060140e-01
2.702679261956519169e-02 1.325848614221515620e-01 1.002006502007740012e-03 -1.483850427573665254e-01 0.000000000000000000e+00 0.000000000000000000e+00 2.969240411026689082e-04 1.012207178114545372e-02 7.110716709589810086e-03 3.643434316419298397e-03 7.738654210702994307e-03 1.325848614221515620e-01 -5.834754908542973649e-03 2.939733487554279647e-04 7.670795113368479579e-02 0.000000000000000000e+00 0.000000000000000000e+00 -4.704099967174334975e-04 4.586004607136399264e-02 4.129986266068434025e-02 2.348017634699764780e-02 4.464516606903977392e-02 1.002006502007740012e-03 2.939733487554279647e-04 -1.569669103210561967e-01 2.313515444162760320e-04 0.000000000000000000e+00 0.000000000000000000e+00 -1.876308487975933458e-04 -1.692140786335050314e-04 -1.789169254717842697e-04 -1.734344212199084335e-04 -2.358604875667187238e-04 -1.483850427573665254e-01 7.670795113368479579e-02 2.313515444162760320e-04 -1.901944780813914261e-04 0.000000000000000000e+00 0.000000000000000000e+00 -4.319045462064577119e-04 5.442028859587720244e-03 4.639572403098212589e-03 2.587840024795212863e-03 5.041433475600711270e-03 0.000000000000000000e+00 0.000000000000000000e+00 0.000000000000000000e+00 0.000000000000000000e+00 1.566619038025060745e-03 0.000000000000000000e+00 0.000000000000000000e+00 0.000000000000000000e+00 0.000000000000000000e+00 0.000000000000000000e+00 0.000000000000000000e+00 0.000000000000000000e+00 0.000000000000000000e+00 0.000000000000000000e+00 0.000000000000000000e+00 0.000000000000000000e+00 1.154204203983201027e-03 0.000000000000000000e+00 0.000000000000000000e+00 0.000000000000000000e+00 0.000000000000000000e+00 0.000000000000000000e+00 2.969240411026689082e-04 -4.704099967174334975e-04 -1.876308487975933458e-04 -4.319045462064577119e-04 0.000000000000000000e+00 0.000000000000000000e+00 1.812577840376570961e-03 3.610304335932806012e-05 9.270638091211611280e-04 3.006533064442544218e-04 1.020429183723538550e-03 1.012207178114545372e-02 4.586004607136399264e-02 -1.692140786335050314e-04 5.442028859587720244e-03 0.000000000000000000e+00 0.000000000000000000e+00 3.610304335932806012e-05 -7.904439533889956460e-02 1.254102797862392143e-04 1.251428763465940119e-05 7.563860512936723175e-06 7.110716709589810086e-03 4.129986266068434025e-02 -1.789169254717842697e-04 4.639572403098212589e-03 0.000000000000000000e+00 0.000000000000000000e+00 9.270638091211611280e-04 1.254102797862392143e-04 -7.422891979912014937e-02 4.253099508896182016e-05 3.998788630948205982e-05 3.643434316419298397e-03 2.348017634699764780e-02 -1.734344212199084335e-04 2.587840024795212863e-03 0.000000000000000000e+00 0.000000000000000000e+00 3.006533064442544218e-04 1.251428763465940119e-05 4.253099508896182016e-05 -4.343608467086894354e-02 4.360786653948798284e-05 7.738654210702994307e-03 4.464516606903977392e-02 -2.358604875667187238e-04 5.041433475600711270e-03 0.000000000000000000e+00 0.000000000000000000e+00 1.020429183723538550e-03 7.563860512936723175e-06 3.998788630948205982e-05 4.360786653948798284e-05 -8.017914635154961556e-02
3.456751441954818149e-02 1.768263362335431854e-01 1.781344892458204369e-03 -1.958331097234526363e-01 4.262589295458165534e-02 0.000000000000000000e+00 -3.563088493232027007e-04 1.523130801353315793e-02 1.072674670866449222e-02 5.228431165935038677e-03 1.139647468971695041e-02 1.768263362335431854e-01 -8.537167708289192941e-03 1.028906720643997822e-03 1.015039050918324359e-01 2.068143965432442943e-01 0.000000000000000000e+00 -1.176024991793583581e-03 6.121743430247755802e-02 5.533348550426831630e-02 3.144278244615310303e-02 5.972399699302009118e-02 1.781344892458204369e-03 1.028906720643997822e-03 -2.069180336752170224e-01 -3.470273166244140480e-04 -8.417485796748377718e-04 0.000000000000000000e+00 -6.254361626586444408e-05 -3.045853415403090673e-04 -3.067147293802016130e-04 -1.734344212199084335e-04 -3.931008126111978549e-04 -1.958331097234526363e-01 1.015039050918324359e-01 -3.470273166244140480e-04 2.054100363279027629e-03 2.684971120036713094e-02 0.000000000000000000e+00 1.851019483741961661e-04 7.545389707158434676e-03 6.429842189076327361e-03 3.528872761084381020e-03 6.799471815810189876e-03 4.262589295458165534e-02 2.068143965432442943e-01 -8.417485796748377718e-04 2.684971120036713094e-02 -3.721839228908108699e-01 0.000000000000000000e+00 1.197287511577703814e-03 -1.021191174660522200e-01 -9.883715141506259350e-02 -5.768668367228615285e-02 -1.069208845390944296e-01 0.000000000000000000e+00 0.000000000000000000e+00 0.000000000000000000e+00 0.000000000000000000e+00 0.000000000000000000e+00 4.946589445642289497e-04 0.000000000000000000e+00 0.000000000000000000e+00 0.000000000000000000e+00 0.000000000000000000e+00 0.000000000000000000e+00 -3.563088493232027007e-04 -1.176024991793583581e-03 -6.254361626586444408e-05 1.851019483741961661e-04 1.197287511577703814e-03 0.000000000000000000e+00 1.345533243469724518e-03 1.805152167966403006e-05 1.308795965818109917e-03 4.509799596663816327e-04 1.411826678850375359e-03 1.523130801353315793e-02 6.121743430247755802e-02 -3.045853415403090673e-04 7.545389707158434676e-03 -1.021191174660522200e-01 0.000000000000000000e+00 1.805152167966403006e-05 -1.023471402184359252e-01 2.139351831647610318e-04 0.000000000000000000e+00 0.000000000000000000e+00 1.072674670866449222e-02 5.533348550426831630e-02 -3.067147293802016130e-04 6.429842189076327361e-03 -9.883715141506259350e-02 0.000000000000000000e+00 1.308795965818109917e-03 2.139351831647610318e-04 -9.790402474543313804e-02 9.923898854091091370e-05 7.997577261896411964e-05 5.228431165935038677e-03 3.144278244615310303e-02 -1.734344212199084335e-04 3.528872761084381020e-03 -5.768668367228615285e-02 0.000000000000000000e+00 4.509799596663816327e-04 0.000000000000000000e+00 9.923898854091091370e-05 -5.751707194697745079e-02 8.237041457458841654e-05 1.139647468971695041e-02 5.972399699302009118e-02 -3.931008126111978549e-04 6.799471815810189876e-03 -1.069208845390944296e-01 0.000000000000000000e+00 1.411826678850375359e-03 0.000000000000000000e+00 7.997577261896411964e-05 8.237041457458841654e-05 -1.055954691217659280e-01
3.488464757936055038e-02 1.849209909308955901e-01 2.560683282908668510e-03 -2.046197887912463709e-01 0.000000000000000000e+00 4.687777544443065547e-02 5.938480822053378571e-05 1.619531484983272387e-02 1.140626912459798831e-02 5.434274912625394749e-03 1.196878673745382753e-02 1.849209909308955901e-01 -1.037972188993434297e-02 0.000000000000000000e+00 1.064340947677214350e-01 0.000000000000000000e+00 2.194812767373227891e-01 -7.840166611957224236e-04 6.448406108091883637e-02 5.802486522769537830e-02 3.296464572790294700e-02 6.264777902403152743e-02 2.560683282908668510e-03 0.000000000000000000e+00 -2.201679795414615559e-01 -6.940546332488280960e-04 0.000000000000000000e+00 -2.408356439847247118e-04 -3.127180813293222610e-04 -4.061137887204121079e-04 -2.044764862534677601e-04 -1.517551185674198794e-04 -3.144806500889582622e-04 -2.046197887912463709e-01 1.064340947677214350e-01 -6.940546332488280960e-04 4.108200726558055259e-03 0.000000000000000000e+00 2.542209211916409903e-02 -6.170064945806539322e-05 8.012803228840814987e-03 6.681992863157752184e-03 3.657195406941995096e-03 7.316541915871801333e-03 0.000000000000000000e+00 0.000000000000000000e+00 0.000000000000000000e+00 0.000000000000000000e+00 -1.790421757742926504e-03 0.000000000000000000e+00 0.000000000000000000e+00 0.000000000000000000e+00 0.000000000000000000e+00 0.000000000000000000e+00 0.000000000000000000e+00 4.687777544443065547e-02 2.194812767373227891e-01 -2.408356439847247118e-04 2.542209211916409903e-02 0.000000000000000000e+00 -3.850095451858249196e-01 1.541520617102587129e-03 -1.065598859780242935e-01 -1.030525610355559757e-01 -6.060222040758972417e-02 -1.114751035553965403e-01 5.938480822053378571e-05 -7.840166611957224236e-04 -3.127180813293222610e-04 -6.170064945806539322e-05 0.000000000000000000e+00 1.541520617102587129e-03 1.245452258418257470e-03 1.083091300779841871e-04 1.322429257128715204e-03 4.856707257945648603e-04 1.551611498538531253e-03 1.619531484983272387e-02 6.448406108091883637e-02 -4.061137887204121079e-04 8.012803228840814987e-03 0.000000000000000000e+00 -1.065598859780242935e-01 1.083091300779841871e-04 -1.069901071316983060e-01 2.581976348540219405e-04 -6.257143817329700594e-06 7.563860512936723175e-06 1.140626912459798831e-02 5.802486522769537830e-02 -2.044764862534677601e-04 6.681992863157752184e-03 0.000000000000000000e+00 -1.030525610355559757e-01 1.322429257128715204e-03 2.581976348540219405e-04 -1.022293557322516838e-01 8.506199017792364031e-05 1.199636589284461795e-04 5.434274912625394749e-03 3.296464572790294700e-02 -1.517551185674198794e-04 3.657195406941995096e-03 0.000000000000000000e+00 -6.060222040758972417e-02 4.856707257945648603e-04 -6.257143817329700594e-06 8.506199017792364031e-05 -6.027341284750045020e-02 7.752509607020086741e-05 1.196878673745382753e-02 6.264777902403152743e-02 -3.144806500889582622e-04 7.316541915871801333e-03 0.000000000000000000e+00 -1.114751035553965403e-01 1.551611498538531253e-03 7.563860512936723175e-06 1.199636589284461795e-04 7.752509607020086741e-05 -1.102734157616060140e-01
-1.830739257561290190e+00 -5.317350758088393997e-02 -1.520823201936191971e-01 1.380606948527089151e-01 0.000000000000000000e+00 0.000000000000000000e+00 2.375392328821351428e-04 -5.430571844487560966e-03 -2.960776240853094880e-03 -1.173309356135028353e-03 -3.160157828807975185e-03 -5.317350758088393997e-02 -2.233789852881136462e-01 1.322880069399425679e-02 -1.305050208323559752e-02 0.000000000000000000e+00 0.000000000000000000e+00 4.704099967174334975e-04 -7.169609422812686303e-03 -6.888650482581174309e-03 -4.076419504687091994e-03 -7.457286753253884216e-03 -1.520823201936191971e-01 1.322880069399425679e-02 -6.527259468031968749e-03 8.085736477348846873e-02 0.000000000000000000e+00 0.000000000000000000e+00 -1.063241476519695590e-03 4.883518309362955279e-02 4.421804015231239893e-02 2.516967037953921071e-02 4.780105881352166020e-02 1.380606948527089151e-01 -1.305050208323559752e-02 8.085736477348846873e-02 1.863905885197636014e-03 0.000000000000000000e+00 0.000000000000000000e+00 -1.234012989161307864e-04 -2.337067608411904534e-04 -8.573122918768437059e-04 -6.416132292880692960e-04 -8.531656651016587736e-04 0.000000000000000000e+00 0.000000000000000000e+00 0.000000000000000000e+00 0.000000000000000000e+00 1.342816318307194987e-03 0.000000000000000000e+00 0.000000000000000000e+00 0.000000000000000000e+00 0.000000000000000000e+00 0.000000000000000000e+00 0.000000000000000000e+00 0.000000000000000000e+00 0.000000000000000000e+00 0.000000000000000000e+00 0.000000000000000000e+00 0.000000000000000000e+00 9.893178891284578995e-04 0.000000000000000000e+00 0.000000000000000000e+00 0.000000000000000000e+00 0.000000000000000000e+00 0.000000000000000000e+00 2.375392328821351428e-04 4.704099967174334975e-04 -1.063241476519695590e-03 -1.234012989161307864e-04 0.000000000000000000e+00 0.000000000000000000e+00 1.679136526974614897e-03 -1.805152167966403006e-05 9.952302656741876703e-04 3.584712499912264677e-04 1.160214003411694445e-03 -5.430571844487560966e-03 -7.169609422812686303e-03 4.883518309362955279e-02 -2.337067608411904534e-04 0.000000000000000000e+00 0.000000000000000000e+00 -1.805152167966403006e-05 -8.567674008105627403e-02 1.032790539416087735e-04 -6.257143817329700594e-06 0.000000000000000000e+00 -2.960776240853094880e-03 -6.888650482581174309e-03 4.421804015231239893e-02 -8.573122918768437059e-04 0.000000000000000000e+00 0.000000000000000000e+00 9.952302656741876703e-04 1.032790539416087735e-04 -8.023312550130322351e-02 4.253099508896182016e-05 3.998788630948205982e-05 -1.173309356135028353e-03 -4.076419504687091994e-03 2.516967037953921071e-02 -6.416132292880692960e-04 0.000000000000000000e+00 0.000000000000000000e+00 3.584712499912264677e-04 -6.257143817329700594e-06 4.253099508896182016e-05 -4.690723040986978509e-02 4.360786653948798284e-05 -3.160157828807975185e-03 -7.457286753253884216e-03 4.780105881352166020e-02 -8.531656651016587736e-04 0.000000000000000000e+00 0.000000000000000000e+00 1.160214003411694445e-03 0.000000000000000000e+00 3.998788630948205982e-05 4.360786653948798284e-05 -8.670406190678567326e-02
