3.598117326869897797e-02 1.450122067837101847e-01 0.000000000000000000e+00 -1.565314103746721364e-01 0.000000000000000000e+00 0.000000000000000000e+00 -2.621533949643685521e-04 6.137371230540017604e-03 6.272421088670769758e-03 3.876123093897045502e-03 4.746601029868614558e-04 6.779247004224042087e-04 1.874618847080131287e-03 2.456389923652310681e-04 2.497519221138924466e-04 1.450122067837101847e-01 -1.730649004582278036e-03 -8.613215445939660219e-04 8.239032792939172956e-02 0.000000000000000000e+00 0.000000000000000000e+00 -4.712426107637308383e-03 3.905218764254377722e-02 4.703640063978004049e-02 3.529627069988511279e-02 6.153559499803673560e-03 8.082725054130450795e-03 2.116580080940620029e-02 3.451851147976044316e-03 3.652172034140199319e-03 0.000000000000000000e+00 -8.613215445939660219e-04 -1.593059352924819649e-01 -4.269012044986673872e-04 0.000000000000000000e+00 0.000000000000000000e+00 -1.799314439050933025e-04 1.245056856893958215e-04 1.356660221814371054e-04 1.224116630581609526e-04 0.000000000000000000e+00 1.661785653375496760e-05 4.195637758265889476e-05 7.024859526371884607e-05 4.285489414521313859e-05 -1.565314103746721364e-01 8.239032792939172956e-02 -4.269012044986673872e-04 3.727315023958708423e-03 0.000000000000000000e+00 0.000000000000000000e+00 -8.341585232300891299e-04 4.011580537275172102e-03 4.679350251234799113e-03 3.359588078716454519e-03 6.869628525924494945e-04 7.549924480850042250e-04 1.964540043524794308e-03 2.996173773488633799e-04 3.046341102895431478e-04 0.000000000000000000e+00 0.000000000000000000e+00 0.000000000000000000e+00 0.000000000000000000e+00 6.354378125483988804e-04 0.000000000000000000e+00 0.000000000000000000e+00 0.000000000000000000e+00 0.000000000000000000e+00 0.000000000000000000e+00 0.000000000000000000e+00 0.000000000000000000e+00 0.000000000000000000e+00 0.000000000000000000e+00 0.000000000000000000e+00 0.000000000000000000e+00 0.000000000000000000e+00 0.000000000000000000e+00 0.000000000000000000e+00 0.000000000000000000e+00 5.649492715930778085e-04 0.000000000000000000e+00 0.000000000000000000e+00 0.000000000000000000e+00 0.000000000000000000e+00 0.000000000000000000e+00 0.000000000000000000e+00 0.000000000000000000e+00 0.000000000000000000e+00 0.000000000000000000e+00 -2.621533949643685521e-04 -4.712426107637308383e-03 -1.799314439050933025e-04 -8.341585232300891299e-04 0.000000000000000000e+00 0.000000000000000000e+00 1.096939993048710524e-02 1.946257875386065133e-04 1.003098152702189445e-02 5.568355904916371529e-03 3.696292496286517960e-04 2.987335804589096445e-04 2.016760393393977370e-03 2.196235151989780579e-05 3.349512705669995628e-05 6.137371230540017604e-03 3.905218764254377722e-02 1.245056856893958215e-04 4.011580537275172102e-03 0.000000000000000000e+00 0.000000000000000000e+00 1.946257875386065133e-04 -6.651192921319284967e-02 4.475733801748353440e-04 6.620428817092019960e-06 8.525644022536043928e-06 -4.493744040635254747e-06 -1.701855061864406883e-05 0.000000000000000000e+00 3.862891398095995334e-06 6.272421088670769758e-03 4.703640063978004049e-02 1.356660221814371054e-04 4.679350251234799113e-03 0.000000000000000000e+00 0.000000000000000000e+00 1.003098152702189445e-02 4.475733801748353440e-04 -7.230002648018313272e-02 1.327351210918378463e-04 1.300580199639262172e-04 -3.917240407577288625e-06 -4.945078725662343449e-06 -9.935600372417061529e-06 -3.367320020426720084e-06 3.876123093897045502e-03 3.529627069988511279e-02 1.224116630581609526e-04 3.359588078716454519e-03 0.000000000000000000e+00 0.000000000000000000e+00 5.568355904916371529e-03 6.620428817092019960e-06 1.327351210918378463e-04 -5.733199312692281030e-02 1.441747662509003283e-04 1.767266059621283567e-05 8.923904468169560668e-06 5.976605124419872578e-06 1.215335239057007335e-05 4.746601029868614558e-04 6.153559499803673560e-03 0.000000000000000000e+00 6.869628525924494945e-04 0.000000000000000000e+00 0.000000000000000000e+00 3.696292496286517960e-04 8.525644022536043928e-06 1.300580199639262172e-04 1.441747662509003283e-04 -1.106290675925838442e-02 2.048262062827106670e-05 1.436501223876745953e-05 -3.848270947534330223e-06 -1.956352810087877704e-06 6.779247004224042087e-04 8.082725054130450795e-03 1.661785653375496760e-05 7.549924480850042250e-04 0.000000000000000000e+00 0.000000000000000000e+00 2.987335804589096445e-04 -4.493744040635254747e-06 -3.917240407577288625e-06 1.767266059621283567e-05 2.048262062827106670e-05 -1.441158594076095978e-02 3.634363600693440863e-05 -2.028368131664984438e-06 -8.249322874353228532e-06 1.874618847080131287e-03 2.116580080940620029e-02 4.195637758265889476e-05 1.964540043524794308e-03 0.000000000000000000e+00 0.000000000000000000e+00 2.016760393393977370e-03 -1.701855061864406883e-05 -4.945078725662343449e-06 8.923904468169560668e-06 1.436501223876745953e-05 3.634363600693440863e-05 -3.619660018661857021e-02 5.121176671365726761e-06 2.603462310366192257e-06 2.456389923652310681e-04 3.451851147976044316e-03 7.024859526371884607e-05 2.996173773488633799e-04 0.000000000000000000e+00 0.000000000000000000e+00 2.196235151989780579e-05 0.000000000000000000e+00 -9.935600372417061529e-06 5.976605124419872578e-06 -3.848270947534330223e-06 -2.028368131664984438e-06 5.121176671365726761e-06 -6.150783346504162981e-03 -6.974465601181035439e-06 2.497519221138924466e-04 3.652172034140199319e-03 4.285489414521313859e-05 3.046341102895431478e-04 0.000000000000000000e+00 0.000000000000000000e+00 3.349512705669995628e-05 3.862891398095995334e-06 -3.367320020426720084e-06 1.215335239057007335e-05 -1.956352810087877704e-06 -8.249322874353228532e-06 2.603462310366192257e-06 -6.974465601181035439e-06 -6.765638329933685441e-03
-1.857120838407779084e+00 -8.282427964377293839e-02 2.524509250231163349e-01 2.264003975220423293e-01 -1.318818326789125521e-02 0.000000000000000000e+00 1.747689299762457014e-04 -6.288538009617357892e-03 -5.297296801776573902e-03 -1.498133465739348797e-03 -4.593484867614788282e-05 1.452695786619437551e-04 -1.833866263447954555e-04 1.228194961826155340e-04 1.526261746251564831e-04 -8.282427964377293839e-02 -3.698814665655503209e-01 -2.225080656867745726e-02 -2.036465294539084939e-02 -3.839843571448675608e-02 0.000000000000000000e+00 7.854043512728847666e-04 -8.501420570295315296e-03 -1.089620216259652719e-02 -8.396604188986510689e-03 -1.513814956820712116e-03 -1.989593859478265038e-03 -5.206420718259374518e-03 -8.060160040959291105e-04 -9.264046135380017916e-04 2.524509250231163349e-01 -2.225080656867745726e-02 -2.544981379564144941e+00 -1.275367348439768733e-01 -2.702163507427974842e-01 0.000000000000000000e+00 8.006949253776651787e-03 -6.287537127314489493e-02 -7.534890871957017344e-02 -5.616247101108424317e-02 -9.883969894636241219e-03 -1.276251381792381512e-02 -3.381684033162307007e-02 -5.366992678148119374e-03 -5.885405462609271006e-03 2.264003975220423293e-01 -2.036465294539084939e-02 -1.275367348439768733e-01 4.354031709403093087e-03 1.773131662415613845e-04 0.000000000000000000e+00 -3.336634092920356411e-04 6.637867076066830772e-04 2.515779704964945900e-04 -4.312984695649502804e-04 -1.461623090622232973e-04 -2.927521737472465351e-04 -3.890178304009493573e-04 -1.302684249342884472e-04 -1.721844971201765429e-04 -1.318818326789125521e-02 -3.839843571448675608e-02 -2.702163507427974842e-01 1.773131662415613845e-04 -4.900284597769069550e-01 0.000000000000000000e+00 1.659104129705664052e-02 -1.045127084753963709e-01 -1.295571682433862004e-01 -1.010364274322861078e-01 -1.820213260012211107e-02 -2.396449748204488792e-02 -6.224766143366764620e-02 -1.013050197475849623e-02 -1.120197932438541169e-02 0.000000000000000000e+00 0.000000000000000000e+00 0.000000000000000000e+00 0.000000000000000000e+00 0.000000000000000000e+00 6.591074835252574071e-04 0.000000000000000000e+00 0.000000000000000000e+00 0.000000000000000000e+00 0.000000000000000000e+00 0.000000000000000000e+00 0.000000000000000000e+00 0.000000000000000000e+00 0.000000000000000000e+00 0.000000000000000000e+00 1.747689299762457014e-04 7.854043512728847666e-04 8.006949253776651787e-03 -3.336634092920356411e-04 1.659104129705664052e-02 0.000000000000000000e+00 1.225853881120674352e-02 4.135797985195388679e-04 1.658399060070004510e-02 9.242322687541607712e-03 7.515794742449252806e-04 5.585019112927440497e-04 3.328474470398190121e-03 4.392470303979561158e-05 1.228154658745665131e-04 -6.288538009617357892e-03 -8.501420570295315296e-03 -6.287537127314489493e-02 6.637867076066830772e-04 -1.045127084753963709e-01 0.000000000000000000e+00 4.135797985195388679e-04 -1.051239755234923551e-01 1.173962964393010728e-03 1.324085763418403992e-05 1.278846603380406674e-05 8.987488081270509493e-06 -5.672850206214689326e-06 3.799277069074608276e-06 -3.862891398095995334e-06 -5.297296801776573902e-03 -1.089620216259652719e-02 -7.534890871957017344e-02 2.515779704964945900e-04 -1.295571682433862004e-01 0.000000000000000000e+00 1.658399060070004510e-02 1.173962964393010728e-03 -1.146434690940931617e-01 2.712413344050599857e-04 2.749798136380154261e-04 1.958620203788644313e-05 1.483523617698702950e-05 0.000000000000000000e+00 -3.367320020426720084e-06 -1.498133465739348797e-03 -8.396604188986510689e-03 -5.616247101108424317e-02 -4.312984695649502804e-04 -1.010364274322861078e-01 0.000000000000000000e+00 9.242322687541607712e-03 1.324085763418403992e-05 2.712413344050599857e-04 -9.234391057660976121e-02 2.682321232574889892e-04 2.474172483469797197e-05 2.230976117042390082e-05 0.000000000000000000e+00 0.000000000000000000e+00 -4.593484867614788282e-05 -1.513814956820712116e-03 -9.883969894636241219e-03 -1.461623090622232973e-04 -1.820213260012211107e-02 0.000000000000000000e+00 7.515794742449252806e-04 1.278846603380406674e-05 2.749798136380154261e-04 2.682321232574889892e-04 -1.814120968543190063e-02 2.503431410122019339e-05 3.160302692528841028e-05 -1.924135473767165112e-06 -1.956352810087877704e-06 1.452695786619437551e-04 -1.989593859478265038e-03 -1.276251381792381512e-02 -2.927521737472465351e-04 -2.396449748204488792e-02 0.000000000000000000e+00 5.585019112927440497e-04 8.987488081270509493e-06 1.958620203788644313e-05 2.474172483469797197e-05 2.503431410122019339e-05 -2.364344588749779305e-02 5.451545401040160956e-05 4.056736263329968876e-06 8.249322874353228532e-06 -1.833866263447954555e-04 -5.206420718259374518e-03 -3.381684033162307007e-02 -3.890178304009493573e-04 -6.224766143366764620e-02 0.000000000000000000e+00 3.328474470398190121e-03 -5.672850206214689326e-06 1.483523617698702950e-05 2.230976117042390082e-05 3.160302692528841028e-05 5.451545401040160956e-05 -5.900012695019740683e-02 -2.560588335682863380e-06 -2.603462310366192257e-06 1.228194961826155340e-04 -8.060160040959291105e-04 -5.366992678148119374e-03 -1.302684249342884472e-04 -1.013050197475849623e-02 0.000000000000000000e+00 4.392470303979561158e-05 3.799277069074608276e-06 0.000000000000000000e+00 0.000000000000000000e+00 -1.924135473767165112e-06 4.056736263329968876e-06 -2.560588335682863380e-06 -1.011335120505126896e-02 0.000000000000000000e+00 1.526261746251564831e-04 -9.264046135380017916e-04 -5.885405462609271006e-03 -1.721844971201765429e-04 -1.120197932438541169e-02 0.000000000000000000e+00 1.228154658745665131e-04 -3.862891398095995334e-06 -3.367320020426720084e-06 0.000000000000000000e+00 -1.956352810087877704e-06 8.249322874353228532e-06 -2.603462310366192257e-06 0.000000000000000000e+00 -1.107238757865031641e-02
-1.904033917438195320e-02 -4.024088738247957875e-01 -4.472115589426330475e-04 -2.782319903613377221e-01 0.000000000000000000e+00 -3.923221626269148693e-02 2.271996089691194227e-03 -5.079203776998634720e-03 -8.855182713417557305e-03 -9.083920379562401143e-03 -1.898640411947445823e-03 -2.614852415914987755e-03 -6.235145295723045107e-03 -1.282781404573984322e-03 -1.276509824137672276e-03 -4.024088738247957875e-01 -3.917592570855455758e+00 2.871071815313220254e-04 -1.685075204500968149e-01 0.000000000000000000e+00 -3.521661530507199100e-01 1.166886464748285827e-02 -8.214157957417757283e-02 -9.833653256057610370e-02 -7.327945474024591399e-02 -1.281827729671563935e-02 -1.666284857313046763e-02 -4.405835421883812220e-02 -7.078923166407725259e-03 -7.767546375049399696e-03 -4.472115589426330475e-04 2.871071815313220254e-04 -2.908330899607450282e-01 -2.134506022493336936e-04 0.000000000000000000e+00 0.000000000000000000e+00 -1.799314439050933025e-04 6.225284284469791076e-05 0.000000000000000000e+00 0.000000000000000000e+00 0.000000000000000000e+00 -3.323571306750993520e-05 -4.195637758265889476e-05 2.809943810548753640e-05 0.000000000000000000e+00 -2.782319903613377221e-01 -1.685075204500968149e-01 -2.134506022493336936e-04 2.440896564362339972e-03 0.000000000000000000e+00 -8.693857708643337734e-03 1.668317046460178206e-04 -1.038970498862634316e-03 -1.962308169872657888e-03 -2.042992750570816855e-03 -4.677193889991145079e-04 -5.855043474944930703e-04 -1.439365972483512513e-03 -2.865905348554345514e-04 -2.648992263387331555e-04 0.000000000000000000e+00 0.000000000000000000e+00 0.000000000000000000e+00 0.000000000000000000e+00 6.354378125483988804e-04 0.000000000000000000e+00 0.000000000000000000e+00 0.000000000000000000e+00 0.000000000000000000e+00 0.000000000000000000e+00 0.000000000000000000e+00 0.000000000000000000e+00 0.000000000000000000e+00 0.000000000000000000e+00 0.000000000000000000e+00 -3.923221626269148693e-02 -3.521661530507199100e-01 0.000000000000000000e+00 -8.693857708643337734e-03 0.000000000000000000e+00 -5.242729240383762201e-01 1.916716022012433449e-02 -1.170259647785222429e-01 -1.440078889845696208e-01 -1.119128296661481559e-01 -2.020035362213091698e-02 -2.650114135930588949e-02 -6.874980411249713430e-02 -1.126884476493610412e-02 -1.239740337515495873e-02 2.271996089691194227e-03 1.166886464748285827e-02 -1.799314439050933025e-04 1.668317046460178206e-04 0.000000000000000000e+00 1.916716022012433449e-02 1.748541100030636883e-02 3.892515750772130266e-04 1.836539112558342735e-02 1.025649060149544725e-02 7.639004492325470776e-04 5.714903278344358323e-04 3.705592267536901227e-03 8.784940607959122315e-05 1.116504235223331876e-04 -5.079203776998634720e-03 -8.214157957417757283e-02 6.225284284469791076e-05 -1.038970498862634316e-03 0.000000000000000000e+00 -1.170259647785222429e-01 3.892515750772130266e-04 -1.177776834772382430e-01 1.100590279118447571e-03 0.000000000000000000e+00 1.705128804507208786e-05 0.000000000000000000e+00 -1.134570041242937865e-05 0.000000000000000000e+00 -7.725782796191990668e-06 -8.855182713417557305e-03 -9.833653256057610370e-02 0.000000000000000000e+00 -1.962308169872657888e-03 0.000000000000000000e+00 -1.440078889845696208e-01 1.836539112558342735e-02 1.100590279118447571e-03 -1.274844415961615407e-01 2.885546110692127023e-04 2.824117004930969490e-04 7.834480815154577251e-06 1.978031490264937380e-05 1.324746716322274871e-05 -6.734640040853440168e-06 -9.083920379562401143e-03 -7.327945474024591399e-02 0.000000000000000000e+00 -2.042992750570816855e-03 0.000000000000000000e+00 -1.119128296661481559e-01 1.025649060149544725e-02 0.000000000000000000e+00 2.885546110692127023e-04 -1.023887257211905238e-01 2.950553355832378610e-04 2.827625695394053842e-05 2.677171340450868031e-05 -5.976605124419872578e-06 6.076676195285036675e-06 -1.898640411947445823e-03 -1.281827729671563935e-02 0.000000000000000000e+00 -4.677193889991145079e-04 0.000000000000000000e+00 -2.020035362213091698e-02 7.639004492325470776e-04 1.705128804507208786e-05 2.824117004930969490e-04 2.950553355832378610e-04 -1.999570202385698645e-02 2.731016083769475673e-05 2.873002447753491905e-05 0.000000000000000000e+00 0.000000000000000000e+00 -2.614852415914987755e-03 -1.666284857313046763e-02 -3.323571306750993520e-05 -5.855043474944930703e-04 0.000000000000000000e+00 -2.650114135930588949e-02 5.714903278344358323e-04 0.000000000000000000e+00 7.834480815154577251e-06 2.827625695394053842e-05 2.731016083769475673e-05 -2.603378107294446880e-02 6.662999934604641470e-05 0.000000000000000000e+00 8.249322874353228532e-06 -6.235145295723045107e-03 -4.405835421883812220e-02 -4.195637758265889476e-05 -1.439365972483512513e-03 0.000000000000000000e+00 -6.874980411249713430e-02 3.705592267536901227e-03 -1.134570041242937865e-05 1.978031490264937380e-05 2.677171340450868031e-05 2.873002447753491905e-05 6.662999934604641470e-05 -6.537104464377202495e-02 -5.121176671365726761e-06 -5.206924620732384515e-06 -1.282781404573984322e-03 -7.078923166407725259e-03 2.809943810548753640e-05 -2.865905348554345514e-04 0.000000000000000000e+00 -1.126884476493610412e-02 8.784940607959122315e-05 0.000000000000000000e+00 1.324746716322274871e-05 -5.976605124419872578e-06 0.000000000000000000e+00 0.000000000000000000e+00 -5.121176671365726761e-06 -1.111485421834822879e-02 0.000000000000000000e+00 -1.276509824137672276e-03 -7.767546375049399696e-03 0.000000000000000000e+00 -2.648992263387331555e-04 0.000000000000000000e+00 -1.239740337515495873e-02 1.116504235223331876e-04 -7.725782796191990668e-06 -6.734640040853440168e-06 6.076676195285036675e-06 0.000000000000000000e+00 8.249322874353228532e-06 -5.206924620732384515e-06 0.000000000000000000e+00 -1.218748579933202209e-02
-1.085950903481860443e-02 -2.590698848116668729e-01 -7.826202281496078602e-04 -1.815142381232125179e-01 0.000000000000000000e+00 0.000000000000000000e+00 1.135998044845597113e-03 -5.290837267706911817e-03 -7.484737769674363293e-03 -6.373012203462626903e-03 -1.270864146706758091e-03 -1.759376008239096683e-03 -4.401279032275090715e-03 -7.915034198435222943e-04 -8.325064070463081192e-04 -2.590698848116668729e-01 -3.640211309707233944e+00 5.742143630626440507e-04 -1.080790731480873734e-01 0.000000000000000000e+00 0.000000000000000000e+00 6.732037296624726261e-03 -5.232837867012824634e-02 -6.300847337501469525e-02 -4.699045035218268884e-02 -8.158872819228512457e-03 -1.073551686676813693e-02 -2.820362580042012554e-02 -4.450610109573174128e-03 -4.934886114423586365e-03 -7.826202281496078602e-04 5.742143630626440507e-04 -1.889647715114339543e-01 5.336265056233342611e-04 0.000000000000000000e+00 0.000000000000000000e+00 -1.799314439050933025e-04 3.112642142234895538e-05 5.426640887257484758e-05 -7.344699783489656614e-05 -7.881953663984243212e-05 -4.985356960126490281e-05 8.391275516531778952e-05 4.214915715823130629e-05 -2.856992943014209578e-05 -1.815142381232125179e-01 -1.080790731480873734e-01 5.336265056233342611e-04 6.860898451180630873e-03 0.000000000000000000e+00 0.000000000000000000e+00 1.668317046460178206e-04 -1.212132248673073549e-03 -1.710730199376163082e-03 -1.543594522653506107e-03 -2.777083872182242188e-04 -4.314242560485738584e-04 -1.050348142082563156e-03 -1.563221099211461313e-04 -2.119193810709865352e-04 0.000000000000000000e+00 0.000000000000000000e+00 0.000000000000000000e+00 0.000000000000000000e+00 -2.118126041827996268e-04 0.000000000000000000e+00 0.000000000000000000e+00 0.000000000000000000e+00 0.000000000000000000e+00 0.000000000000000000e+00 0.000000000000000000e+00 0.000000000000000000e+00 0.000000000000000000e+00 0.000000000000000000e+00 0.000000000000000000e+00 0.000000000000000000e+00 0.000000000000000000e+00 0.000000000000000000e+00 0.000000000000000000e+00 0.000000000000000000e+00 -1.883164238643592785e-04 0.000000000000000000e+00 0.000000000000000000e+00 0.000000000000000000e+00 0.000000000000000000e+00 0.000000000000000000e+00 0.000000000000000000e+00 0.000000000000000000e+00 0.000000000000000000e+00 0.000000000000000000e+00 1.135998044845597113e-03 6.732037296624726261e-03 -1.799314439050933025e-04 1.668317046460178206e-04 0.000000000000000000e+00 0.000000000000000000e+00 1.200071103506281621e-02 1.459693406539548850e-04 1.164272485905923880e-02 6.601659062529719423e-03 4.928389995048690613e-04 3.376988300839847755e-04 2.377481764570135801e-03 4.392470303979561158e-05 8.932033881786655008e-05 -5.290837267706911817e-03 -5.232837867012824634e-02 3.112642142234895538e-05 -1.212132248673073549e-03 0.000000000000000000e+00 0.000000000000000000e+00 1.459693406539548850e-04 -7.811069388742465647e-02 4.108870375375537655e-04 0.000000000000000000e+00 4.262822011268021964e-06 0.000000000000000000e+00 0.000000000000000000e+00 1.139783120722382483e-05 3.862891398095995334e-06 -7.484737769674363293e-03 -6.300847337501469525e-02 5.426640887257484758e-05 -1.710730199376163082e-03 0.000000000000000000e+00 0.000000000000000000e+00 1.164272485905923880e-02 4.108870375375537655e-04 -8.461652957572506073e-02 1.558194899773748831e-04 1.635015108117929619e-04 1.566896163030915450e-05 4.945078725662343449e-06 0.000000000000000000e+00 0.000000000000000000e+00 -6.373012203462626903e-03 -4.699045035218268884e-02 -7.344699783489656614e-05 -1.543594522653506107e-03 0.000000000000000000e+00 0.000000000000000000e+00 6.601659062529719423e-03 0.000000000000000000e+00 1.558194899773748831e-04 -6.698626335919483088e-02 1.542334708730561620e-04 1.060359635772770276e-05 8.923904468169560668e-06 -2.988302562209936289e-06 0.000000000000000000e+00 -1.270864146706758091e-03 -8.158872819228512457e-03 -7.881953663984243212e-05 -2.777083872182242188e-04 0.000000000000000000e+00 0.000000000000000000e+00 4.928389995048690613e-04 4.262822011268021964e-06 1.635015108117929619e-04 1.542334708730561620e-04 -1.289724939435560672e-02 1.820677389179650336e-05 2.011101713427444537e-05 -3.848270947534330223e-06 0.000000000000000000e+00 -1.759376008239096683e-03 -1.073551686676813693e-02 -4.985356960126490281e-05 -4.314242560485738584e-04 0.000000000000000000e+00 0.000000000000000000e+00 3.376988300839847755e-04 0.000000000000000000e+00 1.566896163030915450e-05 1.060359635772770276e-05 1.820677389179650336e-05 -1.674594137947586076e-02 2.120045433737840221e-05 -2.028368131664984438e-06 0.000000000000000000e+00 -4.401279032275090715e-03 -2.820362580042012554e-02 8.391275516531778952e-05 -1.050348142082563156e-03 0.000000000000000000e+00 0.000000000000000000e+00 2.377481764570135801e-03 0.000000000000000000e+00 4.945078725662343449e-06 8.923904468169560668e-06 2.011101713427444537e-05 2.120045433737840221e-05 -4.225145715044593964e-02 1.024235334273145352e-05 2.603462310366192257e-06 -7.915034198435222943e-04 -4.450610109573174128e-03 4.214915715823130629e-05 -1.563221099211461313e-04 0.000000000000000000e+00 0.000000000000000000e+00 4.392470303979561158e-05 1.139783120722382483e-05 0.000000000000000000e+00 -2.988302562209936289e-06 -3.848270947534330223e-06 -2.028368131664984438e-06 1.024235334273145352e-05 -7.095694579940164948e-03 -1.743616400295258860e-06 -8.325064070463081192e-04 -4.934886114423586365e-03 -2.856992943014209578e-05 -2.119193810709865352e-04 0.000000000000000000e+00 0.000000000000000000e+00 8.932033881786655008e-05 3.862891398095995334e-06 0.000000000000000000e+00 0.000000000000000000e+00 0.000000000000000000e+00 0.000000000000000000e+00 2.603462310366192257e-06 -1.743616400295258860e-06 -7.796823488963668634e-03
-1.857120838407779084e+00 -8.282427964377293839e-02 2.524509250231163349e-01 2.264003975220423293e-01 -1.318818326789125521e-02 0.000000000000000000e+00 1.747689299762457014e-04 -6.288538009617357892e-03 -5.297296801776573902e-03 -1.498133465739348797e-03 -4.593484867614788282e-05 1.452695786619437551e-04 -1.833866263447954555e-04 1.228194961826155340e-04 1.526261746251564831e-04 -8.282427964377293839e-02 -3.698814665655503209e-01 -2.225080656867745726e-02 -2.036465294539084939e-02 -3.839843571448675608e-02 0.000000000000000000e+00 7.854043512728847666e-04 -8.501420570295315296e-03 -1.089620216259652719e-02 -8.396604188986510689e-03 -1.513814956820712116e-03 -1.989593859478265038e-03 -5.206420718259374518e-03 -8.060160040959291105e-04 -9.264046135380017916e-04 2.524509250231163349e-01 -2.225080656867745726e-02 -2.544981379564144941e+00 -1.275367348439768733e-01 -2.702163507427974842e-01 0.000000000000000000e+00 8.006949253776651787e-03 -6.287537127314489493e-02 -7.534890871957017344e-02 -5.616247101108424317e-02 -9.883969894636241219e-03 -1.276251381792381512e-02 -3.381684033162307007e-02 -5.366992678148119374e-03 -5.885405462609271006e-03 2.264003975220423293e-01 -2.036465294539084939e-02 -1.275367348439768733e-01 4.354031709403093087e-03 1.773131662415613845e-04 0.000000000000000000e+00 -3.336634092920356411e-04 6.637867076066830772e-04 2.515779704964945900e-04 -4.312984695649502804e-04 -1.461623090622232973e-04 -2.927521737472465351e-04 -3.890178304009493573e-04 -1.302684249342884472e-04 -1.721844971201765429e-04 -1.318818326789125521e-02 -3.839843571448675608e-02 -2.702163507427974842e-01 1.773131662415613845e-04 -4.900284597769069550e-01 0.000000000000000000e+00 1.659104129705664052e-02 -1.045127084753963709e-01 -1.295571682433862004e-01 -1.010364274322861078e-01 -1.820213260012211107e-02 -2.396449748204488792e-02 -6.224766143366764620e-02 -1.013050197475849623e-02 -1.120197932438541169e-02 0.000000000000000000e+00 0.000000000000000000e+00 0.000000000000000000e+00 0.000000000000000000e+00 0.000000000000000000e+00 6.591074835252574071e-04 0.000000000000000000e+00 0.000000000000000000e+00 0.000000000000000000e+00 0.000000000000000000e+00 0.000000000000000000e+00 0.000000000000000000e+00 0.000000000000000000e+00 0.000000000000000000e+00 0.000000000000000000e+00 1.747689299762457014e-04 7.854043512728847666e-04 8.006949253776651787e-03 -3.336634092920356411e-04 1.659104129705664052e-02 0.000000000000000000e+00 1.225853881120674352e-02 4.135797985195388679e-04 1.658399060070004510e-02 9.242322687541607712e-03 7.515794742449252806e-04 5.585019112927440497e-04 3.328474470398190121e-03 4.392470303979561158e-05 1.228154658745665131e-04 -6.288538009617357892e-03 -8.501420570295315296e-03 -6.287537127314489493e-02 6.637867076066830772e-04 -1.045127084753963709e-01 0.000000000000000000e+00 4.135797985195388679e-04 -1.051239755234923551e-01 1.173962964393010728e-03 1.324085763418403992e-05 1.278846603380406674e-05 8.987488081270509493e-06 -5.672850206214689326e-06 3.799277069074608276e-06 -3.862891398095995334e-06 -5.297296801776573902e-03 -1.089620216259652719e-02 -7.534890871957017344e-02 2.515779704964945900e-04 -1.295571682433862004e-01 0.000000000000000000e+00 1.658399060070004510e-02 1.173962964393010728e-03 -1.146434690940931617e-01 2.712413344050599857e-04 2.749798136380154261e-04 1.958620203788644313e-05 1.483523617698702950e-05 0.000000000000000000e+00 -3.367320020426720084e-06 -1.498133465739348797e-03 -8.396604188986510689e-03 -5.616247101108424317e-02 -4.312984695649502804e-04 -1.010364274322861078e-01 0.000000000000000000e+00 9.242322687541607712e-03 1.324085763418403992e-05 2.712413344050599857e-04 -9.234391057660976121e-02 2.682321232574889892e-04 2.474172483469797197e-05 2.230976117042390082e-05 0.000000000000000000e+00 0.000000000000000000e+00 -4.593484867614788282e-05 -1.513814956820712116e-03 -9.883969894636241219e-03 -1.461623090622232973e-04 -1.820213260012211107e-02 0.000000000000000000e+00 7.515794742449252806e-04 1.278846603380406674e-05 2.749798136380154261e-04 2.682321232574889892e-04 -1.814120968543190063e-02 2.503431410122019339e-05 3.160302692528841028e-05 -1.924135473767165112e-06 -1.956352810087877704e-06 1.452695786619437551e-04 -1.989593859478265038e-03 -1.276251381792381512e-02 -2.927521737472465351e-04 -2.396449748204488792e-02 0.000000000000000000e+00 5.585019112927440497e-04 8.987488081270509493e-06 1.958620203788644313e-05 2.474172483469797197e-05 2.503431410122019339e-05 -2.364344588749779305e-02 5.451545401040160956e-05 4.056736263329968876e-06 8.249322874353228532e-06 -1.833866263447954555e-04 -5.206420718259374518e-03 -3.381684033162307007e-02 -3.890178304009493573e-04 -6.224766143366764620e-02 0.000000000000000000e+00 3.328474470398190121e-03 -5.672850206214689326e-06 1.483523617698702950e-05 2.230976117042390082e-05 3.160302692528841028e-05 5.451545401040160956e-05 -5.900012695019740683e-02 -2.560588335682863380e-06 -2.603462310366192257e-06 1.228194961826155340e-04 -8.060160040959291105e-04 -5.366992678148119374e-03 -1.302684249342884472e-04 -1.013050197475849623e-02 0.000000000000000000e+00 4.392470303979561158e-05 3.799277069074608276e-06 0.000000000000000000e+00 0.000000000000000000e+00 -1.924135473767165112e-06 4.056736263329968876e-06 -2.560588335682863380e-06 -1.011335120505126896e-02 0.000000000000000000e+00 1.526261746251564831e-04 -9.264046135380017916e-04 -5.885405462609271006e-03 -1.721844971201765429e-04 -1.120197932438541169e-02 0.000000000000000000e+00 1.228154658745665131e-04 -3.862891398095995334e-06 -3.367320020426720084e-06 0.000000000000000000e+00 -1.956352810087877704e-06 8.249322874353228532e-06 -2.603462310366192257e-06 0.000000000000000000e+00 -1.107238757865031641e-02
-1.854550754602871887e+00 -8.519467148542973767e-02 2.582646752893705822e-01 2.311689040632575187e-01 0.000000000000000000e+00 -1.506236874371191109e-02 -5.243067899287371042e-04 -6.439704788694698180e-03 -5.718972169082171993e-03 -1.759712324836695601e-03 -1.531161622538262761e-05 1.614106429577152955e-04 -1.833866263447954555e-04 1.501127175565300791e-04 1.665012814092616130e-04 -8.519467148542973767e-02 -3.822347198051548323e-01 -2.182014579638047111e-02 -2.009844833172560671e-02 0.000000000000000000e+00 -4.025398556582303333e-02 1.234206837714533220e-03 -8.811974746379163531e-03 -1.106539784835113178e-02 -8.457670401270048904e-03 -1.572794760333207391e-03 -2.093218539659424341e-03 -5.154094881894958659e-03 -8.585822652326201418e-04 -9.976665068870788858e-04 2.582646752893705822e-01 -2.182014579638047111e-02 -2.556146607687967531e+00 -1.306317685765922276e-01 0.000000000000000000e+00 -2.780494470133859641e-01 8.276846419634291754e-03 -6.446281876568468738e-02 -7.735676584785544652e-02 -5.777830496345196659e-02 -1.007313678257186311e-02 -1.319457808780144514e-02 -3.459303331690225664e-02 -5.507489868675557662e-03 -6.128249862765479394e-03 2.311689040632575187e-01 -2.009844833172560671e-02 -1.306317685765922276e-01 4.848808040017080385e-03 0.000000000000000000e+00 -3.343791426401283786e-04 1.000990227876106869e-03 7.792278741469757910e-04 2.264201734468451201e-04 -4.539983890157371030e-04 -2.046272326871126108e-04 -3.081601828918384780e-04 -4.668213964811392287e-04 -9.118789745400190765e-05 -1.192046518524299227e-04 0.000000000000000000e+00 0.000000000000000000e+00 0.000000000000000000e+00 0.000000000000000000e+00 -1.059063020913998134e-04 0.000000000000000000e+00 0.000000000000000000e+00 0.000000000000000000e+00 0.000000000000000000e+00 0.000000000000000000e+00 0.000000000000000000e+00 0.000000000000000000e+00 0.000000000000000000e+00 0.000000000000000000e+00 0.000000000000000000e+00 -1.506236874371191109e-02 -4.025398556582303333e-02 -2.780494470133859641e-01 -3.343791426401283786e-04 0.000000000000000000e+00 -4.974378336377049958e-01 1.677126519260879398e-02 -1.067374320417438238e-01 -1.324889580770081121e-01 -1.036286722953846245e-01 -1.866927547473224216e-02 -2.462679737318602263e-02 -6.395177763045861719e-02 -1.049851357983305061e-02 -1.139039407572901494e-02 -5.243067899287371042e-04 1.234206837714533220e-03 8.276846419634291754e-03 1.000990227876106869e-03 0.000000000000000000e+00 1.677126519260879398e-02 1.434459990909852344e-02 4.379080219618646549e-04 1.713537647744966391e-02 9.510216098774696911e-03 7.639004492325470776e-04 5.195366616676689187e-04 3.476042304061163768e-03 6.588705455969342075e-05 8.932033881786655008e-05 -6.439704788694698180e-03 -8.811974746379163531e-03 -6.446281876568468738e-02 7.792278741469757910e-04 0.000000000000000000e+00 -1.067374320417438238e-01 4.379080219618646549e-04 -1.076098259108579508e-01 1.232661112612661296e-03 6.620428817092019960e-06 1.278846603380406674e-05 -4.493744040635254747e-06 -5.672850206214689326e-06 0.000000000000000000e+00 3.862891398095995334e-06 -5.718972169082171993e-03 -1.106539784835113178e-02 -7.735676584785544652e-02 2.264201734468451201e-04 0.000000000000000000e+00 -1.324889580770081121e-01 1.713537647744966391e-02 1.232661112612661296e-03 -1.172914000002145268e-01 2.770124266264442246e-04 2.861276439206376834e-04 1.566896163030915450e-05 2.472539362831171640e-05 0.000000000000000000e+00 3.367320020426720084e-06 -1.759712324836695601e-03 -8.457670401270048904e-03 -5.777830496345196659e-02 -4.539983890157371030e-04 0.000000000000000000e+00 -1.036286722953846245e-01 9.510216098774696911e-03 6.620428817092019960e-06 2.770124266264442246e-04 -9.459692078183973285e-02 2.917024340425192317e-04 2.474172483469797197e-05 2.677171340450868031e-05 2.988302562209936289e-06 0.000000000000000000e+00 -1.531161622538262761e-05 -1.572794760333207391e-03 -1.007313678257186311e-02 -2.046272326871126108e-04 0.000000000000000000e+00 -1.866927547473224216e-02 7.639004492325470776e-04 1.278846603380406674e-05 2.861276439206376834e-04 2.917024340425192317e-04 -1.861184918458983623e-02 2.958600757416932008e-05 2.585702202978142783e-05 0.000000000000000000e+00 0.000000000000000000e+00 1.614106429577152955e-04 -2.093218539659424341e-03 -1.319457808780144514e-02 -3.081601828918384780e-04 0.000000000000000000e+00 -2.462679737318602263e-02 5.195366616676689187e-04 -4.493744040635254747e-06 1.566896163030915450e-05 2.474172483469797197e-05 2.958600757416932008e-05 -2.425442483754170972e-02 5.148681767649040828e-05 4.056736263329968876e-06 4.124661437176614266e-06 -1.833866263447954555e-04 -5.154094881894958659e-03 -3.459303331690225664e-02 -4.668213964811392287e-04 0.000000000000000000e+00 -6.395177763045861719e-02 3.476042304061163768e-03 -5.672850206214689326e-06 2.472539362831171640e-05 2.677171340450868031e-05 2.585702202978142783e-05 5.148681767649040828e-05 -6.055621626883205683e-02 -2.560588335682863380e-06 0.000000000000000000e+00 1.501127175565300791e-04 -8.585822652326201418e-04 -5.507489868675557662e-03 -9.118789745400190765e-05 0.000000000000000000e+00 -1.049851357983305061e-02 6.588705455969342075e-05 0.000000000000000000e+00 0.000000000000000000e+00 2.988302562209936289e-06 0.000000000000000000e+00 4.056736263329968876e-06 -2.560588335682863380e-06 -1.036772839735557693e-02 3.487232800590517720e-06 1.665012814092616130e-04 -9.976665068870788858e-04 -6.128249862765479394e-03 -1.192046518524299227e-04 0.000000000000000000e+00 -1.139039407572901494e-02 8.932033881786655008e-05 3.862891398095995334e-06 3.367320020426720084e-06 0.000000000000000000e+00 0.000000000000000000e+00 4.124661437176614266e-06 0.000000000000000000e+00 3.487232800590517720e-06 -1.136549235737746230e-02
