2.699145486110094902e-02 1.325846867974455057e-01 1.558673952481021141e-03 -1.481630328239419148e-01 0.000000000000000000e+00 0.000000000000000000e+00 3.563074008232912674e-04 1.005778061183945291e-02 7.232055985760622689e-03 3.561064050407439143e-03 7.713764239259571047e-03 1.325846867974455057e-01 -4.852064673301948600e-03 1.469867626581436611e-04 7.656191977057789921e-02 0.000000000000000000e+00 0.000000000000000000e+00 -2.352046102544567562e-04 4.569035228683647476e-02 4.129993949609388898e-02 2.337131322198287425e-02 4.464523431565844969e-02 1.558673952481021141e-03 1.469867626581436611e-04 -1.552862547238300917e-01 -1.156741648393184009e-04 0.000000000000000000e+00 0.000000000000000000e+00 1.250869638921330766e-04 -3.045851974135788771e-04 -2.044767649295693777e-04 -1.517540132123301668e-04 -2.096539828986430573e-04 -1.481630328239419148e-01 7.656191977057789921e-02 -1.156741648393184009e-04 3.537518614768542843e-03 0.000000000000000000e+00 0.000000000000000000e+00 -2.467986129319587729e-04 5.508722498100799940e-03 4.589084281446772356e-03 2.545011644855678639e-03 5.015514931383556647e-03 0.000000000000000000e+00 0.000000000000000000e+00 0.000000000000000000e+00 0.000000000000000000e+00 -1.566620775028587870e-03 0.000000000000000000e+00 0.000000000000000000e+00 0.000000000000000000e+00 0.000000000000000000e+00 0.000000000000000000e+00 0.000000000000000000e+00 0.000000000000000000e+00 0.000000000000000000e+00 0.000000000000000000e+00 0.000000000000000000e+00 0.000000000000000000e+00 -1.154177982005348069e-03 0.000000000000000000e+00 0.000000000000000000e+00 0.000000000000000000e+00 0.000000000000000000e+00 0.000000000000000000e+00 3.563074008232912674e-04 -2.352046102544567562e-04 1.250869638921330766e-04 -2.467986129319587729e-04 0.000000000000000000e+00 0.000000000000000000e+00 1.946010594638466476e-03 3.610294501979260462e-05 9.406962652852531633e-04 3.006504398774670957e-04 1.048384869073570131e-03 1.005778061183945291e-02 4.569035228683647476e-02 -3.045851974135788771e-04 5.508722498100799940e-03 0.000000000000000000e+00 0.000000000000000000e+00 3.610294501979260462e-05 -7.916803788350733340e-02 1.106562162691156317e-04 6.257094635904861481e-06 7.563863953378642059e-06 7.232055985760622689e-03 4.129993949609388898e-02 -2.044767649295693777e-04 4.589084281446772356e-03 0.000000000000000000e+00 0.000000000000000000e+00 9.406962652852531633e-04 1.106562162691156317e-04 -7.436097334836490325e-02 4.725637653623601810e-05 5.141311446670003853e-05 3.561064050407439143e-03 2.337131322198287425e-02 -1.517540132123301668e-04 2.545011644855678639e-03 0.000000000000000000e+00 0.000000000000000000e+00 3.006504398774670957e-04 6.257094635904861481e-06 4.725637653623601810e-05 -4.339803763910465156e-02 3.876230166920894004e-05 7.713764239259571047e-03 4.464523431565844969e-02 -2.096539828986430573e-04 5.015514931383556647e-03 0.000000000000000000e+00 0.000000000000000000e+00 1.048384869073570131e-03 7.563863953378642059e-06 5.141311446670003853e-05 3.876230166920894004e-05 -8.024178030571750553e-02
-1.831331451750833450e+00 -7.187485652703624883e-02 2.059676294349920833e-01 1.822108758005334672e-01 -1.944803814903344960e-02 0.000000000000000000e+00 -5.938456680388187791e-05 -8.547506845844390910e-03 -4.368355964553396337e-03 -1.626150635735188919e-03 -4.578492322657294090e-03 -7.187485652703624883e-02 -2.975728271157966898e-01 -1.940225267087496500e-02 -1.798045085521147654e-02 -3.271047636413068616e-02 0.000000000000000000e+00 -2.352046102544567562e-04 -9.502914496055125254e-03 -9.163524201615867379e-03 -5.380837230177452045e-03 -9.888311647544660576e-03 2.059676294349920833e-01 -1.940225267087496500e-02 -2.488527699977734375e+00 -1.087337149489592952e-01 -2.255887560380868129e-01 0.000000000000000000e+00 1.000695711137064613e-03 -6.619651623788447292e-02 -5.975833455066664746e-02 -3.397121981481734249e-02 -6.452101323705740354e-02 1.822108758005334672e-01 -1.798045085521147654e-02 -1.087337149489592952e-01 4.222199636981808710e-03 -3.321569271638076960e-03 0.000000000000000000e+00 -6.169965323298969321e-05 -2.670895756654933324e-04 -1.033804700765481813e-03 -8.982394040667101079e-04 -1.215098978221789555e-03 -1.944803814903344960e-02 -3.271047636413068616e-02 -2.255887560380868129e-01 -3.321569271638076960e-03 -4.006073124715960887e-01 0.000000000000000000e+00 1.945589006272068541e-03 -1.111891771927598915e-01 -1.072776528625107029e-01 -6.271828024653507139e-02 -1.158259100717017320e-01 0.000000000000000000e+00 0.000000000000000000e+00 0.000000000000000000e+00 0.000000000000000000e+00 0.000000000000000000e+00 -9.892954131474410162e-04 0.000000000000000000e+00 0.000000000000000000e+00 0.000000000000000000e+00 0.000000000000000000e+00 0.000000000000000000e+00 -5.938456680388187791e-05 -2.352046102544567562e-04 1.000695711137064613e-03 -6.169965323298969321e-05 1.945589006272068541e-03 0.000000000000000000e+00 1.812569868148971751e-03 1.805147250989630231e-05 1.417861037531396038e-03 5.087930521003289396e-04 1.565588071149864782e-03 -8.547506845844390910e-03 -9.502914496055125254e-03 -6.619651623788447292e-02 -2.670895756654933324e-04 -1.111891771927598915e-01 0.000000000000000000e+00 1.805147250989630231e-05 -1.113724821650525221e-01 2.213124325382312635e-04 0.000000000000000000e+00 1.512772790675728412e-05 -4.368355964553396337e-03 -9.163524201615867379e-03 -5.975833455066664746e-02 -1.033804700765481813e-03 -1.072776528625107029e-01 0.000000000000000000e+00 1.417861037531396038e-03 2.213124325382312635e-04 -1.062132474217366979e-01 8.978711541884842830e-05 9.711366065932229650e-05 -1.626150635735188919e-03 -5.380837230177452045e-03 -3.397121981481734249e-02 -8.982394040667101079e-04 -6.271828024653507139e-02 0.000000000000000000e+00 5.087930521003289396e-04 0.000000000000000000e+00 8.978711541884842830e-05 -6.247302635203788590e-02 9.206046646437123513e-05 -4.578492322657294090e-03 -9.888311647544660576e-03 -6.452101323705740354e-02 -1.215098978221789555e-03 -1.158259100717017320e-01 0.000000000000000000e+00 1.565588071149864782e-03 1.512772790675728412e-05 9.711366065932229650e-05 9.206046646437123513e-05 -1.144869158701420642e-01
-2.833045653828350149e-02 -3.383002955757978270e-01 1.781341659978309937e-03 -2.416298533822625882e-01 0.000000000000000000e+00 -2.286690510294037484e-02 2.375382672155275116e-04 -3.341882375818859986e-03 -6.649608523820169960e-03 -4.857867721943095671e-03 -7.415166913868878086e-03 -3.383002955757978270e-01 -3.886933733096039401e+00 -8.819205759488619664e-04 -1.450036359291247967e-01 0.000000000000000000e+00 -2.958587702772710881e-01 1.097621514520798159e-03 -8.722317948164882984e-02 -7.856280189637099287e-02 -4.451419890419528597e-02 -8.482266004637976919e-02 1.781341659978309937e-03 -8.819205759488619664e-04 -2.513972288909325781e-01 -2.313483296786368018e-04 0.000000000000000000e+00 -4.816658412921788154e-04 2.501739277842661533e-04 -4.061135965514384486e-04 -3.578343386267463975e-04 -1.734331579569487814e-04 -3.668944700726253436e-04 -2.416298533822625882e-01 -1.450036359291247967e-01 -2.313483296786368018e-04 2.358345743179028273e-03 0.000000000000000000e+00 -6.177174470361344177e-03 -1.233993064659793864e-04 -1.135130696578346690e-03 -1.966750406334331382e-03 -1.368745758577843974e-03 -2.016547240453182583e-03 0.000000000000000000e+00 0.000000000000000000e+00 0.000000000000000000e+00 0.000000000000000000e+00 4.476059357224536849e-04 0.000000000000000000e+00 0.000000000000000000e+00 0.000000000000000000e+00 0.000000000000000000e+00 0.000000000000000000e+00 0.000000000000000000e+00 -2.286690510294037484e-02 -2.958587702772710881e-01 -4.816658412921788154e-04 -6.177174470361344177e-03 0.000000000000000000e+00 -4.563949505986861777e-01 2.055332955163183348e-03 -1.270640291228627983e-01 -1.215829511922367212e-01 -7.079774362833278489e-02 -1.313357939964253096e-01 2.375382672155275116e-04 1.097621514520798159e-03 2.501739277842661533e-04 -1.233993064659793864e-04 0.000000000000000000e+00 2.055332955163183348e-03 1.912650413016092794e-03 7.220589003958520925e-05 1.608726946429853318e-03 5.319200090139802797e-04 1.789243509885559595e-03 -3.341882375818859986e-03 -8.722317948164882984e-02 -4.061135965514384486e-04 -1.135130696578346690e-03 0.000000000000000000e+00 -1.270640291228627983e-01 7.220589003958520925e-05 -1.274893560093199041e-01 1.918041081998004193e-04 0.000000000000000000e+00 1.512772790675728412e-05 -6.649608523820169960e-03 -7.856280189637099287e-02 -3.578343386267463975e-04 -1.966750406334331382e-03 0.000000000000000000e+00 -1.215829511922367212e-01 1.608726946429853318e-03 1.918041081998004193e-04 -1.203815757352900417e-01 8.506147776522483394e-05 7.997595583708894129e-05 -4.857867721943095671e-03 -4.451419890419528597e-02 -1.734331579569487814e-04 -1.368745758577843974e-03 0.000000000000000000e+00 -7.079774362833278489e-02 5.319200090139802797e-04 0.000000000000000000e+00 8.506147776522483394e-05 -7.041325594655789555e-02 8.721517875572011678e-05 -7.415166913868878086e-03 -8.482266004637976919e-02 -3.668944700726253436e-04 -2.016547240453182583e-03 0.000000000000000000e+00 -1.313357939964253096e-01 1.789243509885559595e-03 1.512772790675728412e-05 7.997595583708894129e-05 8.721517875572011678e-05 -1.297683683252590092e-01
-2.632195402250966931e-02 -2.414436927995586846e-01 1.336006244983732561e-03 -1.741931579383038386e-01 0.000000000000000000e+00 0.000000000000000000e+00 4.156919676271731453e-04 -4.113086001007827675e-03 -5.678862753919415411e-03 -3.746321717769675666e-03 -6.121245170509208300e-03 -2.414436927995586846e-01 -3.703353716532754358e+00 -1.175894101265149289e-03 -1.038226033252533653e-01 0.000000000000000000e+00 0.000000000000000000e+00 6.272122940118847554e-04 -6.181136794978713683e-02 -5.584623315879879563e-02 -3.171432852331861757e-02 -6.034826743036392216e-02 1.336006244983732561e-03 -1.175894101265149289e-03 -1.883134093278161225e-01 -1.156741648393183955e-03 0.000000000000000000e+00 0.000000000000000000e+00 2.501739277842661533e-04 -4.061135965514384486e-04 -2.300363605457655567e-04 -6.503743423385578964e-05 -3.668944700726253436e-04 -1.741931579383038386e-01 -1.038226033252533653e-01 -1.156741648393183955e-03 4.184161802414405472e-04 0.000000000000000000e+00 0.000000000000000000e+00 3.701979193979381593e-04 -1.135130696578346690e-03 -1.638958671945275935e-03 -1.005172666455604168e-03 -1.835575052207384129e-03 0.000000000000000000e+00 0.000000000000000000e+00 0.000000000000000000e+00 0.000000000000000000e+00 -2.238029678612268425e-04 0.000000000000000000e+00 0.000000000000000000e+00 0.000000000000000000e+00 0.000000000000000000e+00 0.000000000000000000e+00 0.000000000000000000e+00 0.000000000000000000e+00 0.000000000000000000e+00 0.000000000000000000e+00 0.000000000000000000e+00 0.000000000000000000e+00 -1.648825688579068631e-04 0.000000000000000000e+00 0.000000000000000000e+00 0.000000000000000000e+00 0.000000000000000000e+00 0.000000000000000000e+00 4.156919676271731453e-04 6.272122940118847554e-04 2.501739277842661533e-04 3.701979193979381593e-04 0.000000000000000000e+00 0.000000000000000000e+00 9.896853881304200785e-04 0.000000000000000000e+00 1.158828732597775614e-03 3.584678321615953917e-04 1.244083377967303283e-03 -4.113086001007827675e-03 -6.181136794978713683e-02 -4.061135965514384486e-04 -1.135130696578346690e-03 0.000000000000000000e+00 0.000000000000000000e+00 0.000000000000000000e+00 -9.378718203719633995e-02 6.639372976146937905e-05 6.257094635904861481e-06 -7.563863953378642059e-06 -5.678862753919415411e-03 -5.584623315879879563e-02 -2.300363605457655567e-04 -1.638958671945275935e-03 0.000000000000000000e+00 0.000000000000000000e+00 1.158828732597775614e-03 6.639372976146937905e-05 -8.740571552615998552e-02 4.253073888261241697e-05 2.285027309631112560e-05 -3.746321717769675666e-03 -3.171432852331861757e-02 -6.503743423385578964e-05 -1.005172666455604168e-03 0.000000000000000000e+00 0.000000000000000000e+00 3.584678321615953917e-04 6.257094635904861481e-06 4.253073888261241697e-05 -5.076375962372333545e-02 3.391701396055782168e-05 -6.121245170509208300e-03 -6.034826743036392216e-02 -3.668944700726253436e-04 -1.835575052207384129e-03 0.000000000000000000e+00 0.000000000000000000e+00 1.244083377967303283e-03 -7.563863953378642059e-06 2.285027309631112560e-05 3.391701396055782168e-05 -9.415069397509952254e-02
-1.831331451750833450e+00 -7.187485652703624883e-02 2.059676294349920833e-01 1.822108758005334672e-01 -1.944803814903344960e-02 0.000000000000000000e+00 -5.938456680388187791e-05 -8.547506845844390910e-03 -4.368355964553396337e-03 -1.626150635735188919e-03 -4.578492322657294090e-03 -7.187485652703624883e-02 -2.975728271157966898e-01 -1.940225267087496500e-02 -1.798045085521147654e-02 -3.271047636413068616e-02 0.000000000000000000e+00 -2.352046102544567562e-04 -9.502914496055125254e-03 -9.163524201615867379e-03 -5.380837230177452045e-03 -9.888311647544660576e-03 2.059676294349920833e-01 -1.940225267087496500e-02 -2.488527699977734375e+00 -1.087337149489592952e-01 -2.255887560380868129e-01 0.000000000000000000e+00 1.000695711137064613e-03 -6.619651623788447292e-02 -5.975833455066664746e-02 -3.397121981481734249e-02 -6.452101323705740354e-02 1.822108758005334672e-01 -1.798045085521147654e-02 -1.087337149489592952e-01 4.222199636981808710e-03 -3.321569271638076960e-03 0.000000000000000000e+00 -6.169965323298969321e-05 -2.670895756654933324e-04 -1.033804700765481813e-03 -8.982394040667101079e-04 -1.215098978221789555e-03 -1.944803814903344960e-02 -3.271047636413068616e-02 -2.255887560380868129e-01 -3.321569271638076960e-03 -4.006073124715960887e-01 0.000000000000000000e+00 1.945589006272068541e-03 -1.111891771927598915e-01 -1.072776528625107029e-01 -6.271828024653507139e-02 -1.158259100717017320e-01 0.000000000000000000e+00 0.000000000000000000e+00 0.000000000000000000e+00 0.000000000000000000e+00 0.000000000000000000e+00 -9.892954131474410162e-04 0.000000000000000000e+00 0.000000000000000000e+00 0.000000000000000000e+00 0.000000000000000000e+00 0.000000000000000000e+00 -5.938456680388187791e-05 -2.352046102544567562e-04 1.000695711137064613e-03 -6.169965323298969321e-05 1.945589006272068541e-03 0.000000000000000000e+00 1.812569868148971751e-03 1.805147250989630231e-05 1.417861037531396038e-03 5.087930521003289396e-04 1.565588071149864782e-03 -8.547506845844390910e-03 -9.502914496055125254e-03 -6.619651623788447292e-02 -2.670895756654933324e-04 -1.111891771927598915e-01 0.000000000000000000e+00 1.805147250989630231e-05 -1.113724821650525221e-01 2.213124325382312635e-04 0.000000000000000000e+00 1.512772790675728412e-05 -4.368355964553396337e-03 -9.163524201615867379e-03 -5.975833455066664746e-02 -1.033804700765481813e-03 -1.072776528625107029e-01 0.000000000000000000e+00 1.417861037531396038e-03 2.213124325382312635e-04 -1.062132474217366979e-01 8.978711541884842830e-05 9.711366065932229650e-05 -1.626150635735188919e-03 -5.380837230177452045e-03 -3.397121981481734249e-02 -8.982394040667101079e-04 -6.271828024653507139e-02 0.000000000000000000e+00 5.087930521003289396e-04 0.000000000000000000e+00 8.978711541884842830e-05 -6.247302635203788590e-02 9.206046646437123513e-05 -4.578492322657294090e-03 -9.888311647544660576e-03 -6.452101323705740354e-02 -1.215098978221789555e-03 -1.158259100717017320e-01 0.000000000000000000e+00 1.565588071149864782e-03 1.512772790675728412e-05 9.711366065932229650e-05 9.206046646437123513e-05 -1.144869158701420642e-01
-1.830908609115933672e+00 -7.578261571685569742e-02 2.164330116873646459e-01 1.916564064327491712e-01 0.000000000000000000e+00 -2.012287649058753028e-02 0.000000000000000000e+00 -9.415110924181980048e-03 -4.853728849503773611e-03 -1.831992488359896311e-03 -5.026388310743333532e-03 -7.578261571685569742e-02 -3.163054818671523494e-01 -1.984321295884939468e-02 -1.841546176299884915e-02 0.000000000000000000e+00 -3.502001770628922900e-02 3.136061470059423777e-04 -9.799880574056849328e-03 -9.548007734550797640e-03 -5.516716958212236621e-03 -1.034823311952348147e-02 2.164330116873646459e-01 -1.984321295884939468e-02 -2.508343992740126094e+00 -1.141704006964072704e-01 0.000000000000000000e+00 -2.384245914396284916e-01 1.063239193083131192e-03 -6.958079620914646435e-02 -6.279992642899399902e-02 -3.564051396015296969e-02 -6.769202972839936938e-02 1.916564064327491712e-01 -1.841546176299884915e-02 -1.141704006964072704e-01 3.309291607364120598e-03 0.000000000000000000e+00 -4.038921769082417547e-03 1.850989596989690796e-04 0.000000000000000000e+00 -1.033804700765481813e-03 -9.196260565444889200e-04 -1.266805317720588958e-03 0.000000000000000000e+00 0.000000000000000000e+00 0.000000000000000000e+00 0.000000000000000000e+00 8.952118714449073698e-04 0.000000000000000000e+00 0.000000000000000000e+00 0.000000000000000000e+00 0.000000000000000000e+00 0.000000000000000000e+00 0.000000000000000000e+00 -2.012287649058753028e-02 -3.502001770628922900e-02 -2.384245914396284916e-01 -4.038921769082417547e-03 0.000000000000000000e+00 -4.028081157198664664e-01 1.926874645465484308e-03 -1.157339214931983468e-01 -1.119235112011436467e-01 -6.572167899082967391e-02 -1.211626525762104084e-01 0.000000000000000000e+00 3.136061470059423777e-04 1.063239193083131192e-03 1.850989596989690796e-04 0.000000000000000000e+00 1.926874645465484308e-03 1.768089625985806625e-03 3.610294501979260462e-05 1.472394154359526596e-03 5.203565305571546638e-04 1.691394255438693128e-03 -9.415110924181980048e-03 -9.799880574056849328e-03 -6.958079620914646435e-02 0.000000000000000000e+00 0.000000000000000000e+00 -1.157339214931983468e-01 3.610294501979260462e-05 -1.160382357446151785e-01 2.434436757920543763e-04 1.877128390771458529e-05 0.000000000000000000e+00 -4.853728849503773611e-03 -9.548007734550797640e-03 -6.279992642899399902e-02 -1.033804700765481813e-03 0.000000000000000000e+00 -1.119235112011436467e-01 1.472394154359526596e-03 2.434436757920543763e-04 -1.108840228455912902e-01 1.039640283797192385e-04 1.085387972074778576e-04 -1.831992488359896311e-03 -5.516716958212236621e-03 -3.564051396015296969e-02 -9.196260565444889200e-04 0.000000000000000000e+00 -6.572167899082967391e-02 5.203565305571546638e-04 1.877128390771458529e-05 1.039640283797192385e-04 -6.538163813518950429e-02 1.065963295903245766e-04 -5.026388310743333532e-03 -1.034823311952348147e-02 -6.769202972839936938e-02 -1.266805317720588958e-03 0.000000000000000000e+00 -1.211626525762104084e-01 1.691394255438693128e-03 0.000000000000000000e+00 1.085387972074778576e-04 1.065963295903245766e-04 -1.196764010657088012e-01
-1.831260977978350191e+00 -5.401081451643306719e-02 -1.518593765131509288e-01 1.383880069371140331e-01 0.000000000000000000e+00 0.000000000000000000e+00 1.187691336077637558e-04 -5.398425376322773389e-03 -2.936505953949783160e-03 -1.132130189435891091e-03 -3.035739474805379447e-03 -5.401081451643306719e-02 -2.233178120522263943e-01 1.352278216454921682e-02 -1.348533814140860654e-02 0.000000000000000000e+00 0.000000000000000000e+00 1.568030735029711888e-04 -7.169609597470162285e-03 -6.824582709595033818e-03 -3.994864004222654225e-03 -7.391595085373915339e-03 -1.518593765131509288e-01 1.352278216454921682e-02 -5.237442268561096244e-03 8.108758955236219923e-02 0.000000000000000000e+00 0.000000000000000000e+00 -5.628913375145988855e-04 4.886900278502309680e-02 4.416698122478698169e-02 2.512612875901295423e-02 4.759145411799197561e-02 1.383880069371140331e-01 -1.348533814140860654e-02 8.108758955236219923e-02 4.412388809818827175e-03 0.000000000000000000e+00 0.000000000000000000e+00 -6.169965323298969321e-05 -3.672481665400533185e-04 -7.564424639747428141e-04 -6.629862268111431749e-04 -8.790077714795923496e-04 0.000000000000000000e+00 0.000000000000000000e+00 0.000000000000000000e+00 0.000000000000000000e+00 -2.238029678612268425e-04 0.000000000000000000e+00 0.000000000000000000e+00 0.000000000000000000e+00 0.000000000000000000e+00 0.000000000000000000e+00 0.000000000000000000e+00 0.000000000000000000e+00 0.000000000000000000e+00 0.000000000000000000e+00 0.000000000000000000e+00 0.000000000000000000e+00 -1.648825688579068631e-04 0.000000000000000000e+00 0.000000000000000000e+00 0.000000000000000000e+00 0.000000000000000000e+00 0.000000000000000000e+00 1.187691336077637558e-04 1.568030735029711888e-04 -5.628913375145988855e-04 -6.169965323298969321e-05 0.000000000000000000e+00 0.000000000000000000e+00 2.168411805454291234e-03 0.000000000000000000e+00 1.022495940527449109e-03 4.047217459888980719e-04 1.132255658599455768e-03 -5.398425376322773389e-03 -7.169609597470162285e-03 4.886900278502309680e-02 -3.672481665400533185e-04 0.000000000000000000e+00 0.000000000000000000e+00 0.000000000000000000e+00 -8.538036016529766681e-02 1.032791351845079139e-04 6.257094635904861481e-06 0.000000000000000000e+00 -2.936505953949783160e-03 -6.824582709595033818e-03 4.416698122478698169e-02 -7.564424639747428141e-04 0.000000000000000000e+00 0.000000000000000000e+00 1.022495940527449109e-03 1.032791351845079139e-04 -8.022962159463946363e-02 3.780510122898880906e-05 4.570054619262225120e-05 -1.132130189435891091e-03 -3.994864004222654225e-03 2.512612875901295423e-02 -6.629862268111431749e-04 0.000000000000000000e+00 0.000000000000000000e+00 4.047217459888980719e-04 6.257094635904861481e-06 3.780510122898880906e-05 -4.688516522478482218e-02 3.391701396055782168e-05 -3.035739474805379447e-03 -7.391595085373915339e-03 4.759145411799197561e-02 -8.790077714795923496e-04 0.000000000000000000e+00 0.000000000000000000e+00 1.132255658599455768e-03 0.000000000000000000e+00 4.570054619262225120e-05 3.391701396055782168e-05 -8.659880205017396471e-02
-1.835348456782381232e+00 -7.131660521420490895e-02 -2.021822784075381907e-01 1.818813805459212896e-01 -2.264497592695675909e-02 0.000000000000000000e+00 -4.156919676271731453e-04 -9.093776080353244487e-03 -5.120683936226480895e-03 -1.873160858884837833e-03 -5.275219415235577955e-03 -7.131660521420490895e-02 -3.002138243430370057e-01 1.969622619619125145e-02 -1.841546176299884915e-02 -3.306220191643316486e-02 0.000000000000000000e+00 2.352046102544567562e-04 -9.375643319768672823e-03 -8.907201846325912137e-03 -5.353661284570495650e-03 -9.724053978980795598e-03 -2.021822784075381907e-01 1.969622619619125145e-02 -8.676956594183308016e-03 1.074612991357268010e-01 2.230635087690037432e-01 0.000000000000000000e+00 -7.505217833527984056e-04 6.548581744391945847e-02 5.927270223395891824e-02 3.353763691992497215e-02 6.383963779263680804e-02 1.818813805459212896e-01 -1.841546176299884915e-02 1.074612991357268010e-01 6.466431876458626294e-04 -2.214379514425384929e-03 0.000000000000000000e+00 -1.850989596989690796e-04 1.669309847909333463e-04 -8.320867103722169979e-04 -7.485328367222584232e-04 -1.008273620226591291e-03 -2.264497592695675909e-02 -3.306220191643316486e-02 2.230635087690037432e-01 -2.214379514425384929e-03 -4.131402786718247899e-01 0.000000000000000000e+00 1.795928313481909289e-03 -1.104603333510010971e-01 -1.066660356854154251e-01 -6.240702327260685273e-02 -1.152615174400583586e-01 0.000000000000000000e+00 0.000000000000000000e+00 0.000000000000000000e+00 0.000000000000000000e+00 0.000000000000000000e+00 -1.154177982005348069e-03 0.000000000000000000e+00 0.000000000000000000e+00 0.000000000000000000e+00 0.000000000000000000e+00 0.000000000000000000e+00 -4.156919676271731453e-04 2.352046102544567562e-04 -7.505217833527984056e-04 -1.850989596989690796e-04 1.795928313481909289e-03 0.000000000000000000e+00 8.896048432632989262e-04 5.415441752968890693e-05 1.404227758324363452e-03 4.856660951866776537e-04 1.551609606228883734e-03 -9.093776080353244487e-03 -9.375643319768672823e-03 6.548581744391945847e-02 1.669309847909333463e-04 -1.104603333510010971e-01 0.000000000000000000e+00 5.415441752968890693e-05 -1.107017597384021973e-01 2.213124325382312635e-04 1.251418927180972296e-05 2.269159186013592703e-05 -5.120683936226480895e-03 -8.907201846325912137e-03 5.927270223395891824e-02 -8.320867103722169979e-04 -1.066660356854154251e-01 0.000000000000000000e+00 1.404227758324363452e-03 2.213124325382312635e-04 -1.055669532477798850e-01 8.978711541884842830e-05 1.085387972074778576e-04 -1.873160858884837833e-03 -5.353661284570495650e-03 3.353763691992497215e-02 -7.485328367222584232e-04 -6.240702327260685273e-02 0.000000000000000000e+00 4.856660951866776537e-04 1.251418927180972296e-05 8.978711541884842830e-05 -6.215637913448761320e-02 6.783402792111564337e-05 -5.275219415235577955e-03 -9.724053978980795598e-03 6.383963779263680804e-02 -1.008273620226591291e-03 -1.152615174400583586e-01 0.000000000000000000e+00 1.551609606228883734e-03 2.269159186013592703e-05 1.085387972074778576e-04 6.783402792111564337e-05 -1.139617196633672530e-01
4.048718229165142179e-02 1.842229332343453541e-01 2.004009367475598734e-03 -2.047263848656988294e-01 0.000000000000000000e+00 4.436179589970432741e-02 5.938456680388187791e-05 1.619527612896832017e-02 1.133345686359131174e-02 5.516561650342160020e-03 1.189412679472927337e-02 1.842229332343453541e-01 -4.913483213470327092e-03 2.939735253162873221e-04 1.052726396845446166e-01 0.000000000000000000e+00 2.176675238468494533e-01 -1.097621514520798159e-03 6.439921520094500640e-02 5.808905376758589922e-02 3.301877391245254534e-02 6.254932018911971148e-02 2.004009367475598734e-03 2.939735253162873221e-04 -2.140315959898549392e-01 -3.470224945179552298e-04 0.000000000000000000e+00 -1.685830444522625881e-03 -1.250869638921330766e-04 -2.368995979883390995e-04 -2.044767649295693777e-04 -1.951123027015673689e-04 -3.668944700726253436e-04 -2.047263848656988294e-01 1.052726396845446166e-01 -3.470224945179552298e-04 6.048015696217185801e-03 0.000000000000000000e+00 2.589661604882255788e-02 -6.169965323298969321e-05 7.945914876048426612e-03 6.757552678174369096e-03 3.635730921222398056e-03 7.342300208829536518e-03 0.000000000000000000e+00 0.000000000000000000e+00 0.000000000000000000e+00 0.000000000000000000e+00 -8.952118714449073698e-04 0.000000000000000000e+00 0.000000000000000000e+00 0.000000000000000000e+00 0.000000000000000000e+00 0.000000000000000000e+00 0.000000000000000000e+00 4.436179589970432741e-02 2.176675238468494533e-01 -1.685830444522625881e-03 2.589661604882255788e-02 0.000000000000000000e+00 -3.620821212119634258e-01 1.284583096976989539e-03 -1.065586196090528848e-01 -1.031565194700972132e-01 -6.042297993940099615e-02 -1.115815987518810198e-01 5.938456680388187791e-05 -1.097621514520798159e-03 -1.250869638921330766e-04 -6.169965323298969321e-05 0.000000000000000000e+00 1.284583096976989539e-03 2.902335801146513090e-03 1.805147250989630231e-05 1.376961199910298065e-03 4.741026167298519837e-04 1.439781886861036218e-03 1.619527612896832017e-02 6.439921520094500640e-02 -2.368995979883390995e-04 7.945914876048426612e-03 0.000000000000000000e+00 -1.065586196090528848e-01 1.805147250989630231e-05 -1.065113725388926874e-01 2.434436757920543763e-04 6.257094635904861481e-06 1.512772790675728412e-05 1.133345686359131174e-02 5.808905376758589922e-02 -2.044767649295693777e-04 6.757552678174369096e-03 0.000000000000000000e+00 -1.031565194700972132e-01 1.376961199910298065e-03 2.434436757920543763e-04 -1.020290497955162606e-01 8.978711541884842830e-05 1.256765020297111993e-04 5.516561650342160020e-03 3.301877391245254534e-02 -1.951123027015673689e-04 3.635730921222398056e-03 0.000000000000000000e+00 -6.042297993940099615e-02 4.741026167298519837e-04 6.257094635904861481e-06 8.978711541884842830e-05 -6.013090579353316117e-02 9.690575417302235348e-05 1.189412679472927337e-02 6.254932018911971148e-02 -3.668944700726253436e-04 7.342300208829536518e-03 0.000000000000000000e+00 -1.115815987518810198e-01 1.439781886861036218e-03 1.512772790675728412e-05 1.256765020297111993e-04 9.690575417302235348e-05 -1.099729618550366189e-01
2.699145486110094902e-02 1.325846867974455057e-01 1.558673952481021141e-03 -1.481630328239419148e-01 0.000000000000000000e+00 0.000000000000000000e+00 3.563074008232912674e-04 1.005778061183945291e-02 7.232055985760622689e-03 3.561064050407439143e-03 7.713764239259571047e-03 1.325846867974455057e-01 -4.852064673301948600e-03 1.469867626581436611e-04 7.656191977057789921e-02 0.000000000000000000e+00 0.000000000000000000e+00 -2.352046102544567562e-04 4.569035228683647476e-02 4.129993949609388898e-02 2.337131322198287425e-02 4.464523431565844969e-02 1.558673952481021141e-03 1.469867626581436611e-04 -1.552862547238300917e-01 -1.156741648393184009e-04 0.000000000000000000e+00 0.000000000000000000e+00 1.250869638921330766e-04 -3.045851974135788771e-04 -2.044767649295693777e-04 -1.517540132123301668e-04 -2.096539828986430573e-04 -1.481630328239419148e-01 7.656191977057789921e-02 -1.156741648393184009e-04 3.537518614768542843e-03 0.000000000000000000e+00 0.000000000000000000e+00 -2.467986129319587729e-04 5.508722498100799940e-03 4.589084281446772356e-03 2.545011644855678639e-03 5.015514931383556647e-03 0.000000000000000000e+00 0.000000000000000000e+00 0.000000000000000000e+00 0.000000000000000000e+00 -1.566620775028587870e-03 0.000000000000000000e+00 0.000000000000000000e+00 0.000000000000000000e+00 0.000000000000000000e+00 0.000000000000000000e+00 0.000000000000000000e+00 0.000000000000000000e+00 0.000000000000000000e+00 0.000000000000000000e+00 0.000000000000000000e+00 0.000000000000000000e+00 -1.154177982005348069e-03 0.000000000000000000e+00 0.000000000000000000e+00 0.000000000000000000e+00 0.000000000000000000e+00 0.000000000000000000e+00 3.563074008232912674e-04 -2.352046102544567562e-04 1.250869638921330766e-04 -2.467986129319587729e-04 0.000000000000000000e+00 0.000000000000000000e+00 1.946010594638466476e-03 3.610294501979260462e-05 9.406962652852531633e-04 3.006504398774670957e-04 1.048384869073570131e-03 1.005778061183945291e-02 4.569035228683647476e-02 -3.045851974135788771e-04 5.508722498100799940e-03 0.000000000000000000e+00 0.000000000000000000e+00 3.610294501979260462e-05 -7.916803788350733340e-02 1.106562162691156317e-04 6.257094635904861481e-06 7.563863953378642059e-06 7.232055985760622689e-03 4.129993949609388898e-02 -2.044767649295693777e-04 4.589084281446772356e-03 0.000000000000000000e+00 0.000000000000000000e+00 9.406962652852531633e-04 1.106562162691156317e-04 -7.436097334836490325e-02 4.725637653623601810e-05 5.141311446670003853e-05 3.561064050407439143e-03 2.337131322198287425e-02 -1.517540132123301668e-04 2.545011644855678639e-03 0.000000000000000000e+00 0.000000000000000000e+00 3.006504398774670957e-04 6.257094635904861481e-06 4.725637653623601810e-05 -4.339803763910465156e-02 3.876230166920894004e-05 7.713764239259571047e-03 4.464523431565844969e-02 -2.096539828986430573e-04 5.015514931383556647e-03 0.000000000000000000e+00 0.000000000000000000e+00 1.048384869073570131e-03 7.563863953378642059e-06 5.141311446670003853e-05 3.876230166920894004e-05 -8.024178030571750553e-02
3.731586252990326535e-02 1.771052289957456560e-01 1.336006244983732561e-03 -1.958300129911700882e-01 4.315866000196464519e-02 0.000000000000000000e+00 1.781537004116456337e-04 1.507060417556774223e-02 1.072674075740333993e-02 5.228383056667569584e-03 1.137158147529556025e-02 1.771052289957456560e-01 -5.834761315996014018e-03 -1.469867626581436611e-04 1.009225306066708627e-01 2.103318802768833207e-01 0.000000000000000000e+00 -8.624169042663414574e-04 6.134470697007014112e-02 5.526950785939639677e-02 3.138821717603514083e-02 5.962553368868291764e-02 1.336006244983732561e-03 -1.469867626581436611e-04 -2.077779335796327287e-01 -3.470224945179552298e-04 -1.683498179388707517e-03 0.000000000000000000e+00 6.254348194606653831e-05 -3.045851974135788771e-04 -2.811555517781578876e-04 -6.503743423385578964e-05 -3.144809743479645724e-04 -1.958300129911700882e-01 1.009225306066708627e-01 -3.470224945179552298e-04 5.211183335734305248e-03 2.380457978007288408e-02 0.000000000000000000e+00 -2.467986129319587729e-04 7.445121921675627169e-03 6.530619938981945677e-03 3.486024353877946371e-03 6.773530474342741130e-03 4.315866000196464519e-02 2.103318802768833207e-01 -1.683498179388707517e-03 2.380457978007288408e-02 -3.654702465173834680e-01 0.000000000000000000e+00 1.945589006272068541e-03 -1.022810857934856182e-01 -9.865385066546736303e-02 -5.794567331296912593e-02 -1.064820765033836214e-01 0.000000000000000000e+00 0.000000000000000000e+00 0.000000000000000000e+00 0.000000000000000000e+00 0.000000000000000000e+00 6.595302754316274526e-04 0.000000000000000000e+00 0.000000000000000000e+00 0.000000000000000000e+00 0.000000000000000000e+00 0.000000000000000000e+00 1.781537004116456337e-04 -8.624169042663414574e-04 6.254348194606653831e-05 -2.467986129319587729e-04 1.945589006272068541e-03 0.000000000000000000e+00 2.346332774106950868e-03 5.415441752968890693e-05 1.336061362289200092e-03 4.625391382730263679e-04 1.509674211465941024e-03 1.507060417556774223e-02 6.134470697007014112e-02 -3.045851974135788771e-04 7.445121921675627169e-03 -1.022810857934856182e-01 0.000000000000000000e+00 5.415441752968890693e-05 -1.024512227037812778e-01 2.065582703690158279e-04 0.000000000000000000e+00 -1.512772790675728412e-05 1.072674075740333993e-02 5.526950785939639677e-02 -2.811555517781578876e-04 6.530619938981945677e-03 -9.865385066546736303e-02 0.000000000000000000e+00 1.336061362289200092e-03 2.065582703690158279e-04 -9.754770542264902533e-02 8.506147776522483394e-05 8.568852411116672184e-05 5.228383056667569584e-03 3.138821717603514083e-02 -6.503743423385578964e-05 3.486024353877946371e-03 -5.794567331296912593e-02 0.000000000000000000e+00 4.625391382730263679e-04 0.000000000000000000e+00 8.506147776522483394e-05 -5.750954781533220567e-02 9.206046646437123513e-05 1.137158147529556025e-02 5.962553368868291764e-02 -3.144809743479645724e-04 6.773530474342741130e-03 -1.064820765033836214e-01 0.000000000000000000e+00 1.509674211465941024e-03 -1.512772790675728412e-05 8.568852411116672184e-05 9.206046646437123513e-05 -1.053984833700054441e-01
4.048718229165142179e-02 1.842229332343453541e-01 2.004009367475598734e-03 -2.047263848656988294e-01 0.000000000000000000e+00 4.436179589970432741e-02 5.938456680388187791e-05 1.619527612896832017e-02 1.133345686359131174e-02 5.516561650342160020e-03 1.189412679472927337e-02 1.842229332343453541e-01 -4.913483213470327092e-03 2.939735253162873221e-04 1.052726396845446166e-01 0.000000000000000000e+00 2.176675238468494533e-01 -1.097621514520798159e-03 6.439921520094500640e-02 5.808905376758589922e-02 3.301877391245254534e-02 6.254932018911971148e-02 2.004009367475598734e-03 2.939735253162873221e-04 -2.140315959898549392e-01 -3.470224945179552298e-04 0.000000000000000000e+00 -1.685830444522625881e-03 -1.250869638921330766e-04 -2.368995979883390995e-04 -2.044767649295693777e-04 -1.951123027015673689e-04 -3.668944700726253436e-04 -2.047263848656988294e-01 1.052726396845446166e-01 -3.470224945179552298e-04 6.048015696217185801e-03 0.000000000000000000e+00 2.589661604882255788e-02 -6.169965323298969321e-05 7.945914876048426612e-03 6.757552678174369096e-03 3.635730921222398056e-03 7.342300208829536518e-03 0.000000000000000000e+00 0.000000000000000000e+00 0.000000000000000000e+00 0.000000000000000000e+00 -8.952118714449073698e-04 0.000000000000000000e+00 0.000000000000000000e+00 0.000000000000000000e+00 0.000000000000000000e+00 0.000000000000000000e+00 0.000000000000000000e+00 4.436179589970432741e-02 2.176675238468494533e-01 -1.685830444522625881e-03 2.589661604882255788e-02 0.000000000000000000e+00 -3.620821212119634258e-01 1.284583096976989539e-03 -1.065586196090528848e-01 -1.031565194700972132e-01 -6.042297993940099615e-02 -1.115815987518810198e-01 5.938456680388187791e-05 -1.097621514520798159e-03 -1.250869638921330766e-04 -6.169965323298969321e-05 0.000000000000000000e+00 1.284583096976989539e-03 2.902335801146513090e-03 1.805147250989630231e-05 1.376961199910298065e-03 4.741026167298519837e-04 1.439781886861036218e-03 1.619527612896832017e-02 6.439921520094500640e-02 -2.368995979883390995e-04 7.945914876048426612e-03 0.000000000000000000e+00 -1.065586196090528848e-01 1.805147250989630231e-05 -1.065113725388926874e-01 2.434436757920543763e-04 6.257094635904861481e-06 1.512772790675728412e-05 1.133345686359131174e-02 5.808905376758589922e-02 -2.044767649295693777e-04 6.757552678174369096e-03 0.000000000000000000e+00 -1.031565194700972132e-01 1.376961199910298065e-03 2.434436757920543763e-04 -1.020290497955162606e-01 8.978711541884842830e-05 1.256765020297111993e-04 5.516561650342160020e-03 3.301877391245254534e-02 -1.951123027015673689e-04 3.635730921222398056e-03 0.000000000000000000e+00 -6.042297993940099615e-02 4.741026167298519837e-04 6.257094635904861481e-06 8.978711541884842830e-05 -6.013090579353316117e-02 9.690575417302235348e-05 1.189412679472927337e-02 6.254932018911971148e-02 -3.668944700726253436e-04 7.342300208829536518e-03 0.000000000000000000e+00 -1.115815987518810198e-01 1.439781886861036218e-03 1.512772790675728412e-05 1.256765020297111993e-04 9.690575417302235348e-05 -1.099729618550366189e-01
-1.831260977978350191e+00 -5.401081451643306719e-02 -1.518593765131509288e-01 1.383880069371140331e-01 0.000000000000000000e+00 0.000000000000000000e+00 1.187691336077637558e-04 -5.398425376322773389e-03 -2.936505953949783160e-03 -1.132130189435891091e-03 -3.035739474805379447e-03 -5.401081451643306719e-02 -2.233178120522263943e-01 1.352278216454921682e-02 -1.348533814140860654e-02 0.000000000000000000e+00 0.000000000000000000e+00 1.568030735029711888e-04 -7.169609597470162285e-03 -6.824582709595033818e-03 -3.994864004222654225e-03 -7.391595085373915339e-03 -1.518593765131509288e-01 1.352278216454921682e-02 -5.237442268561096244e-03 8.108758955236219923e-02 0.000000000000000000e+00 0.000000000000000000e+00 -5.628913375145988855e-04 4.886900278502309680e-02 4.416698122478698169e-02 2.512612875901295423e-02 4.759145411799197561e-02 1.383880069371140331e-01 -1.348533814140860654e-02 8.108758955236219923e-02 4.412388809818827175e-03 0.000000000000000000e+00 0.000000000000000000e+00 -6.169965323298969321e-05 -3.672481665400533185e-04 -7.564424639747428141e-04 -6.629862268111431749e-04 -8.790077714795923496e-04 0.000000000000000000e+00 0.000000000000000000e+00 0.000000000000000000e+00 0.000000000000000000e+00 -2.238029678612268425e-04 0.000000000000000000e+00 0.000000000000000000e+00 0.000000000000000000e+00 0.000000000000000000e+00 0.000000000000000000e+00 0.000000000000000000e+00 0.000000000000000000e+00 0.000000000000000000e+00 0.000000000000000000e+00 0.000000000000000000e+00 0.000000000000000000e+00 -1.648825688579068631e-04 0.000000000000000000e+00 0.000000000000000000e+00 0.000000000000000000e+00 0.000000000000000000e+00 0.000000000000000000e+00 1.187691336077637558e-04 1.568030735029711888e-04 -5.628913375145988855e-04 -6.169965323298969321e-05 0.000000000000000000e+00 0.000000000000000000e+00 2.168411805454291234e-03 0.000000000000000000e+00 1.022495940527449109e-03 4.047217459888980719e-04 1.132255658599455768e-03 -5.398425376322773389e-03 -7.169609597470162285e-03 4.886900278502309680e-02 -3.672481665400533185e-04 0.000000000000000000e+00 0.000000000000000000e+00 0.000000000000000000e+00 -8.538036016529766681e-02 1.032791351845079139e-04 6.257094635904861481e-06 0.000000000000000000e+00 -2.936505953949783160e-03 -6.824582709595033818e-03 4.416698122478698169e-02 -7.564424639747428141e-04 0.000000000000000000e+00 0.000000000000000000e+00 1.022495940527449109e-03 1.032791351845079139e-04 -8.022962159463946363e-02 3.780510122898880906e-05 4.570054619262225120e-05 -1.132130189435891091e-03 -3.994864004222654225e-03 2.512612875901295423e-02 -6.629862268111431749e-04 0.000000000000000000e+00 0.000000000000000000e+00 4.047217459888980719e-04 6.257094635904861481e-06 3.780510122898880906e-05 -4.688516522478482218e-02 3.391701396055782168e-05 -3.035739474805379447e-03 -7.391595085373915339e-03 4.759145411799197561e-02 -8.790077714795923496e-04 0.000000000000000000e+00 0.000000000000000000e+00 1.132255658599455768e-03 0.000000000000000000e+00 4.570054619262225120e-05 3.391701396055782168e-05 -8.659880205017396471e-02
