3.514138243937160039e-02 1.449922975074182385e-01 -4.472357080729459080e-04 -1.566134680043537453e-01 0.000000000000000000e+00 0.000000000000000000e+00 -8.740870928626294327e-05 6.136369342451202837e-03 6.376864139357495478e-03 3.780528249654505416e-03 5.818143367185814535e-04 6.294027433586114710e-04 1.894833119647178080e-03 2.183223230896714866e-04 3.468346040542444157e-04 1.449922975074182385e-01 -3.401385988967140644e-03 2.871423170767467450e-04 8.131985163579193154e-02 0.000000000000000000e+00 0.000000000000000000e+00 -4.938534692199800583e-03 3.920374471680557887e-02 4.710009236326950094e-02 3.514159037279326186e-02 6.153693831740985991e-03 7.999117096341859870e-03 2.119160071806242343e-02 3.399152241885717522e-03 3.687597254143693860e-03 -4.472357080729459080e-04 2.871423170767467450e-04 -1.607376115155049745e-01 0.000000000000000000e+00 0.000000000000000000e+00 0.000000000000000000e+00 -4.500702681895156856e-04 3.112942266334459693e-05 2.713609874601213248e-05 7.345683812066772591e-05 -4.730180238179869877e-05 -8.309782207256268612e-05 -6.294552872861433168e-05 -4.215557607491567425e-05 4.286070197042868383e-05 -1.566134680043537453e-01 8.131985163579193154e-02 0.000000000000000000e+00 6.167778504901130950e-03 0.000000000000000000e+00 0.000000000000000000e+00 -6.675571768865614340e-04 4.068912412378814306e-03 4.628639917716413643e-03 3.359393315803515297e-03 5.408120020284535754e-04 6.162654081920309126e-04 1.945054584880771950e-03 3.126318193356826970e-04 3.443495623324907182e-04 0.000000000000000000e+00 0.000000000000000000e+00 0.000000000000000000e+00 0.000000000000000000e+00 5.294252080553360149e-04 0.000000000000000000e+00 0.000000000000000000e+00 0.000000000000000000e+00 0.000000000000000000e+00 0.000000000000000000e+00 0.000000000000000000e+00 0.000000000000000000e+00 0.000000000000000000e+00 0.000000000000000000e+00 0.000000000000000000e+00 0.000000000000000000e+00 0.000000000000000000e+00 0.000000000000000000e+00 0.000000000000000000e+00 0.000000000000000000e+00 4.708247616921726634e-04 0.000000000000000000e+00 0.000000000000000000e+00 0.000000000000000000e+00 0.000000000000000000e+00 0.000000000000000000e+00 0.000000000000000000e+00 0.000000000000000000e+00 0.000000000000000000e+00 0.000000000000000000e+00 -8.740870928626294327e-05 -4.938534692199800583e-03 -4.500702681895156856e-04 -6.675571768865614340e-04 0.000000000000000000e+00 0.000000000000000000e+00 1.215058121081294754e-02 1.946880434966120096e-04 1.001307887324102454e-02 5.627772511566687084e-03 3.821169969890048069e-04 3.508016511209224560e-04 2.066771212872036204e-03 4.394120806145464649e-05 4.467620178160199024e-05 6.136369342451202837e-03 3.920374471680557887e-02 3.112942266334459693e-05 4.068912412378814306e-03 0.000000000000000000e+00 0.000000000000000000e+00 1.946880434966120096e-04 -6.642253700936277816e-02 4.548603427570460721e-04 6.619877451159381505e-06 1.278841329130244017e-05 4.493229597018312139e-06 -5.672605804205165776e-06 3.799030214730286059e-06 3.862575653594224704e-06 6.376864139357495478e-03 4.710009236326950094e-02 2.713609874601213248e-05 4.628639917716413643e-03 0.000000000000000000e+00 0.000000000000000000e+00 1.001307887324102454e-02 4.548603427570460721e-04 -7.226719080836974118e-02 1.384960975169151397e-04 1.412067150100265582e-04 7.833664205842551001e-06 1.483474906504168930e-05 -1.324674217840806750e-05 3.367079289693890727e-06 3.780528249654505416e-03 3.514159037279326186e-02 7.345683812066772591e-05 3.359393315803515297e-03 0.000000000000000000e+00 0.000000000000000000e+00 5.627772511566687084e-03 6.619877451159381505e-06 1.384960975169151397e-04 -5.722349498488381314e-02 1.441795858753369089e-04 7.068520409488489813e-06 2.230963777625298550e-05 2.988220613843586959e-06 3.038203841034751053e-06 5.818143367185814535e-04 6.153693831740985991e-03 -4.730180238179869877e-05 5.408120020284535754e-04 0.000000000000000000e+00 0.000000000000000000e+00 3.821169969890048069e-04 1.278841329130244017e-05 1.412067150100265582e-04 1.441795858753369089e-04 -1.104400043248260875e-02 1.593096264873694709e-05 1.723928398173047748e-05 3.848470055763998292e-06 1.956421231310972540e-06 6.294027433586114710e-04 7.999117096341859870e-03 -8.309782207256268612e-05 6.162654081920309126e-04 0.000000000000000000e+00 0.000000000000000000e+00 3.508016511209224560e-04 4.493229597018312139e-06 7.833664205842551001e-06 7.068520409488489813e-06 1.593096264873694709e-05 -1.443321673963165845e-02 2.422820071690883164e-05 -6.084747672567890361e-06 0.000000000000000000e+00 1.894833119647178080e-03 2.119160071806242343e-02 -6.294552872861433168e-05 1.945054584880771950e-03 0.000000000000000000e+00 0.000000000000000000e+00 2.066771212872036204e-03 -5.672605804205165776e-06 1.483474906504168930e-05 2.230963777625298550e-05 1.723928398173047748e-05 2.422820071690883164e-05 -3.621314898406306770e-02 0.000000000000000000e+00 0.000000000000000000e+00 2.183223230896714866e-04 3.399152241885717522e-03 -4.215557607491567425e-05 3.126318193356826970e-04 0.000000000000000000e+00 0.000000000000000000e+00 4.394120806145464649e-05 3.799030214730286059e-06 -1.324674217840806750e-05 2.988220613843586959e-06 3.848470055763998292e-06 -6.084747672567890361e-06 0.000000000000000000e+00 -6.146725888545569172e-03 -1.743571278434945402e-06 3.468346040542444157e-04 3.687597254143693860e-03 4.286070197042868383e-05 3.443495623324907182e-04 0.000000000000000000e+00 0.000000000000000000e+00 4.467620178160199024e-05 3.862575653594224704e-06 3.367079289693890727e-06 3.038203841034751053e-06 1.956421231310972540e-06 0.000000000000000000e+00 0.000000000000000000e+00 -1.743571278434945402e-06 -6.726940553551344348e-03
-1.852685530212472731e+00 -8.323115539608527680e-02 2.515700857910320720e-01 2.258509244086610301e-01 -1.095696762439189557e-02 0.000000000000000000e+00 -5.244522557175776596e-04 -6.227054603669693322e-03 -5.270135652361566253e-03 -1.640606598906672268e-03 4.593271079357222109e-05 2.098009144528704994e-04 -1.426218477153789880e-04 1.228063067379402129e-04 6.936692081084887501e-05 -8.323115539608527680e-02 -3.732573572103414783e-01 -2.167924493929438215e-02 -1.996395703006348388e-02 -4.149333479173101386e-02 0.000000000000000000e+00 2.020309646809009211e-03 -8.500613953445963419e-03 -1.072609862008364404e-02 -8.487716875444419398e-03 -1.454866912296590891e-03 -2.072310128585973851e-03 -5.180169064415258810e-03 -8.235059555083954798e-04 -9.619818923853113617e-04 2.515700857910320720e-01 -2.167924493929438215e-02 -2.541941740848112641e+00 -1.272320457513975989e-01 -2.706140987509866869e-01 0.000000000000000000e+00 8.551335095600798297e-03 -6.291256320261942592e-02 -7.535694621767569101e-02 -5.614550993689702840e-02 -9.838774895414129779e-03 -1.279706459917465469e-02 -3.380174892726589553e-02 -5.452121172355760617e-03 -5.900489971262348407e-03 2.258509244086610301e-01 -1.996395703006348388e-02 -1.272320457513975989e-01 -8.905348643440135804e-04 -1.772891434607808256e-03 0.000000000000000000e+00 8.344464711082017925e-05 6.925808361495853745e-04 3.270234724473552882e-04 -5.447664836438132797e-04 -1.753984871443633174e-04 -2.310995280720115922e-04 -3.890109169761544225e-04 -1.432895838621879028e-04 -1.059537114869202220e-04 -1.095696762439189557e-02 -4.149333479173101386e-02 -2.706140987509866869e-01 -1.772891434607808256e-03 -4.846358354538545798e-01 0.000000000000000000e+00 1.764225984012732229e-02 -1.043924937263899927e-01 -1.295827364771954260e-01 -1.011459850196837623e-01 -1.830608596123851559e-02 -2.415402865056322929e-02 -6.241674317603835426e-02 -1.012943892675201296e-02 -1.112942570355044888e-02 0.000000000000000000e+00 0.000000000000000000e+00 0.000000000000000000e+00 0.000000000000000000e+00 0.000000000000000000e+00 -6.591546663690417722e-04 0.000000000000000000e+00 0.000000000000000000e+00 0.000000000000000000e+00 0.000000000000000000e+00 0.000000000000000000e+00 0.000000000000000000e+00 0.000000000000000000e+00 0.000000000000000000e+00 0.000000000000000000e+00 -5.244522557175776596e-04 2.020309646809009211e-03 8.551335095600798297e-03 8.344464711082017925e-05 1.764225984012732229e-02 0.000000000000000000e+00 1.329996051453849644e-02 4.380480978673769810e-04 1.661067957149941349e-02 9.264768352375090527e-03 7.765603487195903458e-04 5.846694185348707239e-04 3.346201011316629961e-03 7.689711410754562966e-05 6.701430267240298874e-05 -6.227054603669693322e-03 -8.500613953445963419e-03 -6.291256320261942592e-02 6.925808361495853745e-04 -1.043924937263899927e-01 0.000000000000000000e+00 4.380480978673769810e-04 -1.055012184529757202e-01 1.173833142598828573e-03 1.985963235347814452e-05 1.278841329130244017e-05 4.493229597018312139e-06 0.000000000000000000e+00 3.799030214730286059e-06 3.862575653594224704e-06 -5.270135652361566253e-03 -1.072609862008364404e-02 -7.535694621767569101e-02 3.270234724473552882e-04 -1.295827364771954260e-01 0.000000000000000000e+00 1.661067957149941349e-02 1.173833142598828573e-03 -1.147428184442625815e-01 2.769921950338302794e-04 2.712655314666300083e-04 3.133465682337020401e-05 3.955933084011117146e-05 0.000000000000000000e+00 0.000000000000000000e+00 -1.640606598906672268e-03 -8.487716875444419398e-03 -5.614550993689702840e-02 -5.447664836438132797e-04 -1.011459850196837623e-01 0.000000000000000000e+00 9.264768352375090527e-03 1.985963235347814452e-05 2.769921950338302794e-04 -9.245771343837470846e-02 2.715941036256346594e-04 1.767130102372122623e-05 1.784771022100238772e-05 0.000000000000000000e+00 3.038203841034751053e-06 4.593271079357222109e-05 -1.454866912296590891e-03 -9.838774895414129779e-03 -1.753984871443633174e-04 -1.830608596123851559e-02 0.000000000000000000e+00 7.765603487195903458e-04 1.278841329130244017e-05 2.712655314666300083e-04 2.715941036256346594e-04 -1.815188888287024363e-02 3.186192529747389418e-05 3.160535396650587255e-05 0.000000000000000000e+00 5.869263693932917196e-06 2.098009144528704994e-04 -2.072310128585973851e-03 -1.279706459917465469e-02 -2.310995280720115922e-04 -2.415402865056322929e-02 0.000000000000000000e+00 5.846694185348707239e-04 4.493229597018312139e-06 3.133465682337020401e-05 1.767130102372122623e-05 3.186192529747389418e-05 -2.366967582879981810e-02 4.845640143381766329e-05 -4.056498448378593574e-06 2.062175247356160014e-06 -1.426218477153789880e-04 -5.180169064415258810e-03 -3.380174892726589553e-02 -3.890109169761544225e-04 -6.241674317603835426e-02 0.000000000000000000e+00 3.346201011316629961e-03 0.000000000000000000e+00 3.955933084011117146e-05 1.784771022100238772e-05 3.160535396650587255e-05 4.845640143381766329e-05 -5.913471879043930013e-02 1.024248422929093300e-05 2.603451932481584238e-06 1.228063067379402129e-04 -8.235059555083954798e-04 -5.452121172355760617e-03 -1.432895838621879028e-04 -1.012943892675201296e-02 0.000000000000000000e+00 7.689711410754562966e-05 3.799030214730286059e-06 0.000000000000000000e+00 0.000000000000000000e+00 0.000000000000000000e+00 -4.056498448378593574e-06 1.024248422929093300e-05 -1.014241211201190665e-02 3.487142556869890804e-06 6.936692081084887501e-05 -9.619818923853113617e-04 -5.900489971262348407e-03 -1.059537114869202220e-04 -1.112942570355044888e-02 0.000000000000000000e+00 6.701430267240298874e-05 3.862575653594224704e-06 0.000000000000000000e+00 3.038203841034751053e-06 5.869263693932917196e-06 2.062175247356160014e-06 2.603451932481584238e-06 3.487142556869890804e-06 -1.112155201672433702e-02
-2.084596939760869488e-02 -4.020747942417251530e-01 -4.472357080729459080e-04 -2.784009100328882491e-01 0.000000000000000000e+00 -3.817879350113203424e-02 1.922991604297784752e-03 -5.259745150672459450e-03 -8.695723826396585532e-03 -9.035224747601962661e-03 -1.959795660525748100e-03 -2.678996292244346239e-03 -6.316110398823926789e-03 -1.173482486606984305e-03 -1.304098111243958986e-03 -4.020747942417251530e-01 -3.922573799978350984e+00 -2.871423170767467450e-04 -1.687619834274699804e-01 0.000000000000000000e+00 -3.526163859286787217e-01 1.144842133191771930e-02 -8.221141713880615598e-02 -9.839588260947393361e-02 -7.339737902362727939e-02 -1.277923639179437930e-02 -1.661992723125951116e-02 -4.400527457750740001e-02 -6.973518516858327569e-03 -7.660226180105257111e-03 -4.472357080729459080e-04 -2.871423170767467450e-04 -2.959137977040456891e-01 -2.134765868312040328e-04 0.000000000000000000e+00 3.607042958717384534e-04 -3.600562145516125159e-04 0.000000000000000000e+00 0.000000000000000000e+00 4.897122541377848620e-05 3.153453492119913252e-05 3.323912882902507580e-05 -4.196368581907622338e-05 0.000000000000000000e+00 5.714760262723824510e-05 -2.784009100328882491e-01 -1.687619834274699804e-01 -2.134765868312040328e-04 3.298277275348198301e-03 0.000000000000000000e+00 -9.362622401615760745e-03 6.675571768865614340e-04 -1.096586323903510221e-03 -1.861518227777253379e-03 -2.133668727604935526e-03 -4.384962178609083205e-04 -6.162654081920309126e-04 -1.439340392811771282e-03 -2.865791677243758055e-04 -3.178611344607606796e-04 0.000000000000000000e+00 0.000000000000000000e+00 0.000000000000000000e+00 0.000000000000000000e+00 6.353102496664031528e-04 0.000000000000000000e+00 0.000000000000000000e+00 0.000000000000000000e+00 0.000000000000000000e+00 0.000000000000000000e+00 0.000000000000000000e+00 0.000000000000000000e+00 0.000000000000000000e+00 0.000000000000000000e+00 0.000000000000000000e+00 -3.817879350113203424e-02 -3.526163859286787217e-01 3.607042958717384534e-04 -9.362622401615760745e-03 0.000000000000000000e+00 -5.241221247157266117e-01 1.832917420373842560e-02 -1.168280442685740855e-01 -1.442608462802839331e-01 -1.119909823088506701e-01 -2.010342556201661843e-02 -2.655272120238834008e-02 -6.875345670553278943e-02 -1.118115615212438886e-02 -1.239758276490563783e-02 1.922991604297784752e-03 1.144842133191771930e-02 -3.600562145516125159e-04 6.675571768865614340e-04 0.000000000000000000e+00 1.832917420373842560e-02 1.613822369312607752e-02 3.407040761190710033e-04 1.828659743375797217e-02 1.022187252100888177e-02 7.888867034611711862e-04 6.236473797705287866e-04 3.641454041726921095e-03 1.098530201536366060e-04 1.116905044540049858e-04 -5.259745150672459450e-03 -8.221141713880615598e-02 0.000000000000000000e+00 -1.096586323903510221e-03 0.000000000000000000e+00 -1.168280442685740855e-01 3.407040761190710033e-04 -1.175839091189944535e-01 1.100468571186401841e-03 0.000000000000000000e+00 8.525608860868294012e-06 0.000000000000000000e+00 0.000000000000000000e+00 7.598060429460572119e-06 -7.725151307188449408e-06 -8.695723826396585532e-03 -9.839588260947393361e-02 0.000000000000000000e+00 -1.861518227777253379e-03 0.000000000000000000e+00 -1.442608462802839331e-01 1.828659743375797217e-02 1.100468571186401841e-03 -1.277530445653091984e-01 2.769921950338302794e-04 2.675495652821556210e-04 2.350099261752765131e-05 9.889832710027792866e-06 0.000000000000000000e+00 6.734158579387781455e-06 -9.035224747601962661e-03 -7.339737902362727939e-02 4.897122541377848620e-05 -2.133668727604935526e-03 0.000000000000000000e+00 -1.119909823088506701e-01 1.022187252100888177e-02 0.000000000000000000e+00 2.769921950338302794e-04 -1.022660173044179083e-01 2.883591717506738179e-04 2.120556122846546944e-05 2.677156533150358328e-05 0.000000000000000000e+00 6.076407682069502107e-06 -1.959795660525748100e-03 -1.277923639179437930e-02 3.153453492119913252e-05 -4.384962178609083205e-04 0.000000000000000000e+00 -2.010342556201661843e-02 7.888867034611711862e-04 8.525608860868294012e-06 2.675495652821556210e-04 2.883591717506738179e-04 -1.999075633839276361e-02 2.275851806962420916e-05 2.298571197564063551e-05 -3.848470055763998292e-06 0.000000000000000000e+00 -2.678996292244346239e-03 -1.661992723125951116e-02 3.323912882902507580e-05 -6.162654081920309126e-04 0.000000000000000000e+00 -2.655272120238834008e-02 6.236473797705287866e-04 0.000000000000000000e+00 2.350099261752765131e-05 2.120556122846546944e-05 2.275851806962420916e-05 -2.607894353165356865e-02 5.451345161304487120e-05 4.056498448378593574e-06 0.000000000000000000e+00 -6.316110398823926789e-03 -4.400527457750740001e-02 -4.196368581907622338e-05 -1.439340392811771282e-03 0.000000000000000000e+00 -6.875345670553278943e-02 3.641454041726921095e-03 0.000000000000000000e+00 9.889832710027792866e-06 2.677156533150358328e-05 2.298571197564063551e-05 5.451345161304487120e-05 -6.529174429695047688e-02 0.000000000000000000e+00 0.000000000000000000e+00 -1.173482486606984305e-03 -6.973518516858327569e-03 0.000000000000000000e+00 -2.865791677243758055e-04 0.000000000000000000e+00 -1.118115615212438886e-02 1.098530201536366060e-04 7.598060429460572119e-06 0.000000000000000000e+00 0.000000000000000000e+00 -3.848470055763998292e-06 4.056498448378593574e-06 0.000000000000000000e+00 -1.117077255779387254e-02 0.000000000000000000e+00 -1.304098111243958986e-03 -7.660226180105257111e-03 5.714760262723824510e-05 -3.178611344607606796e-04 0.000000000000000000e+00 -1.239758276490563783e-02 1.116905044540049858e-04 -7.725151307188449408e-06 6.734158579387781455e-06 6.076407682069502107e-06 0.000000000000000000e+00 0.000000000000000000e+00 0.000000000000000000e+00 0.000000000000000000e+00 -1.224369362874067751e-02
-1.983262366300271584e-02 -2.593131474651902968e-01 -4.472357080729459080e-04 -1.816964986178902230e-01 0.000000000000000000e+00 0.000000000000000000e+00 1.048904511435155319e-03 -5.350430411890949936e-03 -7.483592626353424704e-03 -6.633757117318283235e-03 -1.255494095024307444e-03 -1.678407315622963995e-03 -4.258280881787744089e-03 -7.095475500414323653e-04 -6.797958239463190158e-04 -2.593131474651902968e-01 -3.651477369313829602e+00 0.000000000000000000e+00 -1.092693914778807979e-01 0.000000000000000000e+00 0.000000000000000000e+00 6.958844339008810227e-03 -5.236222932967399268e-02 -6.286779569752495855e-02 -4.686563094894670434e-02 -8.100069836029668777e-03 -1.061022785836018660e-02 -2.830779256412782954e-02 -4.467957843715762885e-03 -4.952425297835492263e-03 -4.472357080729459080e-04 0.000000000000000000e+00 -1.936680963961886770e-01 -2.134765868312040328e-04 0.000000000000000000e+00 0.000000000000000000e+00 0.000000000000000000e+00 1.556471133167229711e-04 0.000000000000000000e+00 1.224280635344462053e-04 -3.153453492119913252e-05 -3.323912882902507580e-05 6.294552872861433168e-05 -1.405185869163855808e-05 4.286070197042868383e-05 -1.816964986178902230e-01 -1.092693914778807979e-01 -2.134765868312040328e-04 1.385276455646243347e-03 0.000000000000000000e+00 0.000000000000000000e+00 2.503339413324605378e-04 -1.154301393582642327e-03 -1.735739969143655116e-03 -1.543505036990804437e-03 -2.923308119072721956e-04 -4.467924209392223900e-04 -9.141756548939628793e-04 -1.693422354734947942e-04 -1.324421393586502742e-04 0.000000000000000000e+00 0.000000000000000000e+00 0.000000000000000000e+00 0.000000000000000000e+00 -2.117700832221344114e-04 0.000000000000000000e+00 0.000000000000000000e+00 0.000000000000000000e+00 0.000000000000000000e+00 0.000000000000000000e+00 0.000000000000000000e+00 0.000000000000000000e+00 0.000000000000000000e+00 0.000000000000000000e+00 0.000000000000000000e+00 0.000000000000000000e+00 0.000000000000000000e+00 0.000000000000000000e+00 0.000000000000000000e+00 0.000000000000000000e+00 -1.883299046768690816e-04 0.000000000000000000e+00 0.000000000000000000e+00 0.000000000000000000e+00 0.000000000000000000e+00 0.000000000000000000e+00 0.000000000000000000e+00 0.000000000000000000e+00 0.000000000000000000e+00 0.000000000000000000e+00 1.048904511435155319e-03 6.958844339008810227e-03 0.000000000000000000e+00 2.503339413324605378e-04 0.000000000000000000e+00 0.000000000000000000e+00 9.007380665930833641e-03 1.460160326224589937e-04 1.160414013487890035e-02 6.584876680200477464e-03 4.684014801800703647e-04 4.027722661017998549e-04 2.362024243282326904e-03 2.197060403072732324e-05 1.228595548994054884e-04 -5.350430411890949936e-03 -5.236222932967399268e-02 1.556471133167229711e-04 -1.154301393582642327e-03 0.000000000000000000e+00 0.000000000000000000e+00 1.460160326224589937e-04 -7.826957733501802017e-02 4.035051427683472949e-04 1.323975490231876301e-05 2.557682658260488034e-05 4.493229597018312139e-06 1.134521160841033155e-05 1.139709064419085775e-05 7.725151307188449408e-06 -7.483592626353424704e-03 -6.286779569752495855e-02 0.000000000000000000e+00 -1.735739969143655116e-03 0.000000000000000000e+00 0.000000000000000000e+00 1.160414013487890035e-02 4.035051427683472949e-04 -8.470396930913756672e-02 1.500374389766580838e-04 1.449226811945009455e-04 1.566732841168510200e-05 1.483474906504168930e-05 3.311685544602016874e-06 -6.734158579387781455e-06 -6.633757117318283235e-03 -4.686563094894670434e-02 1.224280635344462053e-04 -1.543505036990804437e-03 0.000000000000000000e+00 0.000000000000000000e+00 6.584876680200477464e-03 1.323975490231876301e-05 1.500374389766580838e-04 -6.697799290156454532e-02 1.441795858753369089e-04 3.534260204744244907e-06 8.923855110501193862e-06 -5.976441227687173918e-06 3.038203841034751053e-06 -1.255494095024307444e-03 -8.100069836029668777e-03 -3.153453492119913252e-05 -2.923308119072721956e-04 0.000000000000000000e+00 0.000000000000000000e+00 4.684014801800703647e-04 2.557682658260488034e-05 1.449226811945009455e-04 1.441795858753369089e-04 -1.293540695816291532e-02 1.137925903481210458e-05 1.149285598782031775e-05 1.924235027881999146e-06 0.000000000000000000e+00 -1.678407315622963995e-03 -1.061022785836018660e-02 -3.323912882902507580e-05 -4.467924209392223900e-04 0.000000000000000000e+00 0.000000000000000000e+00 4.027722661017998549e-04 4.493229597018312139e-06 1.566732841168510200e-05 3.534260204744244907e-06 1.137925903481210458e-05 -1.680730097785694543e-02 2.119967562729522769e-05 -2.028249224189296787e-06 -8.248700989424640056e-06 -4.258280881787744089e-03 -2.830779256412782954e-02 6.294552872861433168e-05 -9.141756548939628793e-04 0.000000000000000000e+00 0.000000000000000000e+00 2.362024243282326904e-03 1.134521160841033155e-05 1.483474906504168930e-05 8.923855110501193862e-06 1.149285598782031775e-05 2.119967562729522769e-05 -4.232939104693766302e-02 0.000000000000000000e+00 2.603451932481584238e-06 -7.095475500414323653e-04 -4.467957843715762885e-03 -1.405185869163855808e-05 -1.693422354734947942e-04 0.000000000000000000e+00 0.000000000000000000e+00 2.197060403072732324e-05 1.139709064419085775e-05 3.311685544602016874e-06 -5.976441227687173918e-06 1.924235027881999146e-06 -2.028249224189296787e-06 0.000000000000000000e+00 -7.184232397213867298e-03 -1.743571278434945402e-06 -6.797958239463190158e-04 -4.952425297835492263e-03 4.286070197042868383e-05 -1.324421393586502742e-04 0.000000000000000000e+00 0.000000000000000000e+00 1.228595548994054884e-04 7.725151307188449408e-06 -6.734158579387781455e-06 3.038203841034751053e-06 0.000000000000000000e+00 -8.248700989424640056e-06 2.603451932481584238e-06 -1.743571278434945402e-06 -7.876855022737124998e-03
-1.852685530212472731e+00 -8.323115539608527680e-02 2.515700857910320720e-01 2.258509244086610301e-01 -1.095696762439189557e-02 0.000000000000000000e+00 -5.244522557175776596e-04 -6.227054603669693322e-03 -5.270135652361566253e-03 -1.640606598906672268e-03 4.593271079357222109e-05 2.098009144528704994e-04 -1.426218477153789880e-04 1.228063067379402129e-04 6.936692081084887501e-05 -8.323115539608527680e-02 -3.732573572103414783e-01 -2.167924493929438215e-02 -1.996395703006348388e-02 -4.149333479173101386e-02 0.000000000000000000e+00 2.020309646809009211e-03 -8.500613953445963419e-03 -1.072609862008364404e-02 -8.487716875444419398e-03 -1.454866912296590891e-03 -2.072310128585973851e-03 -5.180169064415258810e-03 -8.235059555083954798e-04 -9.619818923853113617e-04 2.515700857910320720e-01 -2.167924493929438215e-02 -2.541941740848112641e+00 -1.272320457513975989e-01 -2.706140987509866869e-01 0.000000000000000000e+00 8.551335095600798297e-03 -6.291256320261942592e-02 -7.535694621767569101e-02 -5.614550993689702840e-02 -9.838774895414129779e-03 -1.279706459917465469e-02 -3.380174892726589553e-02 -5.452121172355760617e-03 -5.900489971262348407e-03 2.258509244086610301e-01 -1.996395703006348388e-02 -1.272320457513975989e-01 -8.905348643440135804e-04 -1.772891434607808256e-03 0.000000000000000000e+00 8.344464711082017925e-05 6.925808361495853745e-04 3.270234724473552882e-04 -5.447664836438132797e-04 -1.753984871443633174e-04 -2.310995280720115922e-04 -3.890109169761544225e-04 -1.432895838621879028e-04 -1.059537114869202220e-04 -1.095696762439189557e-02 -4.149333479173101386e-02 -2.706140987509866869e-01 -1.772891434607808256e-03 -4.846358354538545798e-01 0.000000000000000000e+00 1.764225984012732229e-02 -1.043924937263899927e-01 -1.295827364771954260e-01 -1.011459850196837623e-01 -1.830608596123851559e-02 -2.415402865056322929e-02 -6.241674317603835426e-02 -1.012943892675201296e-02 -1.112942570355044888e-02 0.000000000000000000e+00 0.000000000000000000e+00 0.000000000000000000e+00 0.000000000000000000e+00 0.000000000000000000e+00 -6.591546663690417722e-04 0.000000000000000000e+00 0.000000000000000000e+00 0.000000000000000000e+00 0.000000000000000000e+00 0.000000000000000000e+00 0.000000000000000000e+00 0.000000000000000000e+00 0.000000000000000000e+00 0.000000000000000000e+00 -5.244522557175776596e-04 2.020309646809009211e-03 8.551335095600798297e-03 8.344464711082017925e-05 1.764225984012732229e-02 0.000000000000000000e+00 1.329996051453849644e-02 4.380480978673769810e-04 1.661067957149941349e-02 9.264768352375090527e-03 7.765603487195903458e-04 5.846694185348707239e-04 3.346201011316629961e-03 7.689711410754562966e-05 6.701430267240298874e-05 -6.227054603669693322e-03 -8.500613953445963419e-03 -6.291256320261942592e-02 6.925808361495853745e-04 -1.043924937263899927e-01 0.000000000000000000e+00 4.380480978673769810e-04 -1.055012184529757202e-01 1.173833142598828573e-03 1.985963235347814452e-05 1.278841329130244017e-05 4.493229597018312139e-06 0.000000000000000000e+00 3.799030214730286059e-06 3.862575653594224704e-06 -5.270135652361566253e-03 -1.072609862008364404e-02 -7.535694621767569101e-02 3.270234724473552882e-04 -1.295827364771954260e-01 0.000000000000000000e+00 1.661067957149941349e-02 1.173833142598828573e-03 -1.147428184442625815e-01 2.769921950338302794e-04 2.712655314666300083e-04 3.133465682337020401e-05 3.955933084011117146e-05 0.000000000000000000e+00 0.000000000000000000e+00 -1.640606598906672268e-03 -8.487716875444419398e-03 -5.614550993689702840e-02 -5.447664836438132797e-04 -1.011459850196837623e-01 0.000000000000000000e+00 9.264768352375090527e-03 1.985963235347814452e-05 2.769921950338302794e-04 -9.245771343837470846e-02 2.715941036256346594e-04 1.767130102372122623e-05 1.784771022100238772e-05 0.000000000000000000e+00 3.038203841034751053e-06 4.593271079357222109e-05 -1.454866912296590891e-03 -9.838774895414129779e-03 -1.753984871443633174e-04 -1.830608596123851559e-02 0.000000000000000000e+00 7.765603487195903458e-04 1.278841329130244017e-05 2.712655314666300083e-04 2.715941036256346594e-04 -1.815188888287024363e-02 3.186192529747389418e-05 3.160535396650587255e-05 0.000000000000000000e+00 5.869263693932917196e-06 2.098009144528704994e-04 -2.072310128585973851e-03 -1.279706459917465469e-02 -2.310995280720115922e-04 -2.415402865056322929e-02 0.000000000000000000e+00 5.846694185348707239e-04 4.493229597018312139e-06 3.133465682337020401e-05 1.767130102372122623e-05 3.186192529747389418e-05 -2.366967582879981810e-02 4.845640143381766329e-05 -4.056498448378593574e-06 2.062175247356160014e-06 -1.426218477153789880e-04 -5.180169064415258810e-03 -3.380174892726589553e-02 -3.890109169761544225e-04 -6.241674317603835426e-02 0.000000000000000000e+00 3.346201011316629961e-03 0.000000000000000000e+00 3.955933084011117146e-05 1.784771022100238772e-05 3.160535396650587255e-05 4.845640143381766329e-05 -5.913471879043930013e-02 1.024248422929093300e-05 2.603451932481584238e-06 1.228063067379402129e-04 -8.235059555083954798e-04 -5.452121172355760617e-03 -1.432895838621879028e-04 -1.012943892675201296e-02 0.000000000000000000e+00 7.689711410754562966e-05 3.799030214730286059e-06 0.000000000000000000e+00 0.000000000000000000e+00 0.000000000000000000e+00 -4.056498448378593574e-06 1.024248422929093300e-05 -1.014241211201190665e-02 3.487142556869890804e-06 6.936692081084887501e-05 -9.619818923853113617e-04 -5.900489971262348407e-03 -1.059537114869202220e-04 -1.112942570355044888e-02 0.000000000000000000e+00 6.701430267240298874e-05 3.862575653594224704e-06 0.000000000000000000e+00 3.038203841034751053e-06 5.869263693932917196e-06 2.062175247356160014e-06 2.603451932481584238e-06 3.487142556869890804e-06 -1.112155201672433702e-02
-1.853119821241589582e+00 -8.490414344424779269e-02 2.583904303391444945e-01 2.320698576186287498e-01 0.000000000000000000e+00 -1.173384937878828652e-02 -7.866783835763664894e-04 -6.620024068949819339e-03 -5.507291756717836925e-03 -1.759491135059329569e-03 -3.062180719571481406e-05 1.452467869289103520e-04 -1.426218477153789880e-04 1.364514519310446690e-04 1.248604574595279886e-04 -8.490414344424779269e-02 -3.787473135434112348e-01 -2.268424304906299302e-02 -1.943158484259512389e-02 0.000000000000000000e+00 -4.025403895486829448e-02 1.908070221986286549e-03 -8.849954252902646895e-03 -1.103062507932892067e-02 -8.609842298112685074e-03 -1.572829094374692720e-03 -2.155202533729412822e-03 -5.232494004459857691e-03 -8.410273588170847107e-04 -9.441674128966944706e-04 2.583904303391444945e-01 -2.268424304906299302e-02 -2.554875975585630510e+00 -1.307544094341124841e-01 0.000000000000000000e+00 -2.793654771526614122e-01 8.641349149238700816e-03 -6.450016375844999650e-02 -7.739215362362660000e-02 -5.766361792472416564e-02 -1.009105117478372241e-02 -1.312945588746490533e-02 -3.468298632946649473e-02 -5.508328607122314931e-03 -6.071932779144063007e-03 2.320698576186287498e-01 -1.943158484259512389e-02 -1.307544094341124841e-01 2.539673502018112948e-03 0.000000000000000000e+00 -6.687587429725543389e-04 -1.668892942216403585e-04 7.791534406682835328e-04 3.521791241740749299e-04 -3.631776557625422046e-04 -1.315488653582725016e-04 -2.773194336864139215e-04 -4.668131003713852528e-04 -1.042106064452275521e-04 -1.324421393586502742e-04 0.000000000000000000e+00 0.000000000000000000e+00 0.000000000000000000e+00 0.000000000000000000e+00 -3.176551248332015764e-04 0.000000000000000000e+00 0.000000000000000000e+00 0.000000000000000000e+00 0.000000000000000000e+00 0.000000000000000000e+00 0.000000000000000000e+00 0.000000000000000000e+00 0.000000000000000000e+00 0.000000000000000000e+00 0.000000000000000000e+00 -1.173384937878828652e-02 -4.025403895486829448e-02 -2.793654771526614122e-01 -6.687587429725543389e-04 0.000000000000000000e+00 -4.877744531130909222e-01 1.804718690829629560e-02 -1.068323226178822249e-01 -1.324870529922348439e-01 -1.034382463311541989e-01 -1.874508599701549608e-02 -2.473047562967541427e-02 -6.382371554595826779e-02 -1.043281105532866196e-02 -1.143531551058985657e-02 -7.866783835763664894e-04 1.908070221986286549e-03 8.641349149238700816e-03 -1.668892942216403585e-04 0.000000000000000000e+00 1.804718690829629560e-02 1.405057557003273373e-02 4.137120924303005001e-04 1.705617672475801677e-02 9.513615436219875765e-03 7.888867034611711862e-04 5.846694185348707239e-04 3.428215741986155324e-03 1.428089261997275824e-04 1.228595548994054884e-04 -6.620024068949819339e-03 -8.849954252902646895e-03 -6.450016375844999650e-02 7.791534406682835328e-04 0.000000000000000000e+00 -1.068323226178822249e-01 4.137120924303005001e-04 -1.075322999580134720e-01 1.261870628293740608e-03 1.985963235347814452e-05 2.131402215217073588e-05 -4.493229597018312139e-06 -5.672605804205165776e-06 1.139709064419085775e-05 0.000000000000000000e+00 -5.507291756717836925e-03 -1.103062507932892067e-02 -7.739215362362660000e-02 3.521791241740749299e-04 0.000000000000000000e+00 -1.324870529922348439e-01 1.705617672475801677e-02 1.261870628293740608e-03 -1.174032743182698152e-01 3.000748779533161676e-04 2.861293962045275037e-04 2.741782472044892766e-05 1.483474906504168930e-05 3.311685544602016874e-06 6.734158579387781455e-06 -1.759491135059329569e-03 -8.609842298112685074e-03 -5.766361792472416564e-02 -3.631776557625422046e-04 0.000000000000000000e+00 -1.034382463311541989e-01 9.513615436219875765e-03 1.985963235347814452e-05 3.000748779533161676e-04 -9.470367790531152019e-02 2.850061581256659645e-04 3.180834184269820246e-05 3.123349288675418106e-05 -5.976441227687173918e-06 3.038203841034751053e-06 -3.062180719571481406e-05 -1.572829094374692720e-03 -1.009105117478372241e-02 -1.315488653582725016e-04 0.000000000000000000e+00 -1.874508599701549608e-02 7.888867034611711862e-04 2.131402215217073588e-05 2.861293962045275037e-04 2.850061581256659645e-04 -1.861754338139199466e-02 2.275851806962420916e-05 3.735178196041603058e-05 1.924235027881999146e-06 0.000000000000000000e+00 1.452467869289103520e-04 -2.155202533729412822e-03 -1.312945588746490533e-02 -2.773194336864139215e-04 0.000000000000000000e+00 -2.473047562967541427e-02 5.846694185348707239e-04 -4.493229597018312139e-06 2.741782472044892766e-05 3.180834184269820246e-05 2.275851806962420916e-05 -2.426539585489542045e-02 4.542787634420406272e-05 2.028249224189296787e-06 4.124350494712320028e-06 -1.426218477153789880e-04 -5.232494004459857691e-03 -3.468298632946649473e-02 -4.668131003713852528e-04 0.000000000000000000e+00 -6.382371554595826779e-02 3.428215741986155324e-03 -5.672605804205165776e-06 1.483474906504168930e-05 3.123349288675418106e-05 3.735178196041603058e-05 4.542787634420406272e-05 -6.059272690044732734e-02 -1.024248422929093300e-05 -7.810355797444752714e-06 1.364514519310446690e-04 -8.410273588170847107e-04 -5.508328607122314931e-03 -1.042106064452275521e-04 0.000000000000000000e+00 -1.043281105532866196e-02 1.428089261997275824e-04 1.139709064419085775e-05 3.311685544602016874e-06 -5.976441227687173918e-06 1.924235027881999146e-06 2.028249224189296787e-06 -1.024248422929093300e-05 -1.039793024389881054e-02 -3.487142556869890804e-06 1.248604574595279886e-04 -9.441674128966944706e-04 -6.071932779144063007e-03 -1.324421393586502742e-04 0.000000000000000000e+00 -1.143531551058985657e-02 1.228595548994054884e-04 0.000000000000000000e+00 6.734158579387781455e-06 3.038203841034751053e-06 0.000000000000000000e+00 4.124350494712320028e-06 -7.810355797444752714e-06 -3.487142556869890804e-06 -1.140696244252944157e-02
-1.857028440503641242e+00 -5.492977424800267461e-02 -1.670425369652452918e-01 1.508091303417171958e-01 0.000000000000000000e+00 0.000000000000000000e+00 -4.370435464313147163e-04 -2.085761008025285509e-03 -1.554690017446662235e-03 -2.615459795358462784e-04 1.224872287828592562e-04 2.420779782148505595e-04 2.037454967362557203e-04 1.091611615448357433e-04 1.109870732973582000e-04 -5.492977424800267461e-02 -2.454368521512605150e-01 1.478782932945245897e-02 -1.330930468670898925e-02 0.000000000000000000e+00 0.000000000000000000e+00 1.571351947518118347e-03 -6.055231857249179089e-03 -7.342471295136121859e-03 -5.587238087073125199e-03 -1.002678547663866633e-03 -1.347001583580883068e-03 -3.427283572921206722e-03 -5.957277124954350441e-04 -6.591357410788244294e-04 -1.670425369652452918e-01 1.478782932945245897e-02 -4.068334961949266609e-03 8.528389643906601758e-02 0.000000000000000000e+00 0.000000000000000000e+00 -6.120955647377412934e-03 4.112196733827820638e-02 4.941483581648808965e-02 3.692430396198897319e-02 6.464579658845822328e-03 8.492597415815907047e-03 2.226173532701993668e-02 3.625379542442748026e-03 3.928897680622629209e-03 1.508091303417171958e-01 -1.330930468670898925e-02 8.528389643906601758e-02 2.869501229552932648e-03 0.000000000000000000e+00 0.000000000000000000e+00 -8.344464711082017925e-05 0.000000000000000000e+00 -2.767121689939160047e-04 -5.674650871289721845e-04 -1.753984871443633174e-04 -2.002862576624100303e-04 -3.695603711273466878e-04 -2.605265161130688802e-05 -5.297685574346011102e-05 0.000000000000000000e+00 0.000000000000000000e+00 0.000000000000000000e+00 0.000000000000000000e+00 -4.235401664442688227e-04 0.000000000000000000e+00 0.000000000000000000e+00 0.000000000000000000e+00 0.000000000000000000e+00 0.000000000000000000e+00 0.000000000000000000e+00 0.000000000000000000e+00 0.000000000000000000e+00 0.000000000000000000e+00 0.000000000000000000e+00 0.000000000000000000e+00 0.000000000000000000e+00 0.000000000000000000e+00 0.000000000000000000e+00 0.000000000000000000e+00 -3.766598093537381633e-04 0.000000000000000000e+00 0.000000000000000000e+00 0.000000000000000000e+00 0.000000000000000000e+00 0.000000000000000000e+00 0.000000000000000000e+00 0.000000000000000000e+00 0.000000000000000000e+00 0.000000000000000000e+00 -4.370435464313147163e-04 1.571351947518118347e-03 -6.120955647377412934e-03 -8.344464711082017925e-05 0.000000000000000000e+00 0.000000000000000000e+00 8.045655126078844060e-03 2.190240489336884905e-04 1.090407317975823458e-02 6.106324595883582708e-03 4.560751254384895785e-04 3.637943048661417922e-04 2.230800674211086496e-03 8.788241612290929297e-05 6.701430267240298874e-05 -2.085761008025285509e-03 -6.055231857249179089e-03 4.112196733827820638e-02 0.000000000000000000e+00 0.000000000000000000e+00 0.000000000000000000e+00 2.190240489336884905e-04 -7.218474890348920703e-02 4.548603427570460721e-04 1.985963235347814452e-05 1.705121772173658802e-05 0.000000000000000000e+00 0.000000000000000000e+00 3.799030214730286059e-06 -7.725151307188449408e-06 -1.554690017446662235e-03 -7.342471295136121859e-03 4.941483581648808965e-02 -2.767121689939160047e-04 0.000000000000000000e+00 0.000000000000000000e+00 1.090407317975823458e-02 4.548603427570460721e-04 -7.837259595512995058e-02 1.558081097065295423e-04 1.486386473789753329e-04 7.833664205842551001e-06 4.944916355013896433e-06 6.623371089204033749e-06 -3.367079289693890727e-06 -2.615459795358462784e-04 -5.587238087073125199e-03 3.692430396198897319e-02 -5.674650871289721845e-04 0.000000000000000000e+00 0.000000000000000000e+00 6.106324595883582708e-03 1.985963235347814452e-05 1.558081097065295423e-04 -6.209206556429474472e-02 1.508856131253525886e-04 7.068520409488489813e-06 3.123349288675418106e-05 -2.988220613843586959e-06 -6.076407682069502107e-06 1.224872287828592562e-04 -1.002678547663866633e-03 6.464579658845822328e-03 -1.753984871443633174e-04 0.000000000000000000e+00 0.000000000000000000e+00 4.560751254384895785e-04 1.705121772173658802e-05 1.486386473789753329e-04 1.508856131253525886e-04 -1.202065136678556745e-02 1.137925903481210458e-05 1.436606998477539677e-05 7.696940111527996584e-06 -3.912842462621945079e-06 2.420779782148505595e-04 -1.347001583580883068e-03 8.492597415815907047e-03 -2.002862576624100303e-04 0.000000000000000000e+00 0.000000000000000000e+00 3.637943048661417922e-04 0.000000000000000000e+00 7.833664205842551001e-06 7.068520409488489813e-06 1.137925903481210458e-05 -1.565504251127471450e-02 3.331377598574964690e-05 6.084747672567890361e-06 4.124350494712320028e-06 2.037454967362557203e-04 -3.427283572921206722e-03 2.226173532701993668e-02 -3.695603711273466878e-04 0.000000000000000000e+00 0.000000000000000000e+00 2.230800674211086496e-03 0.000000000000000000e+00 4.944916355013896433e-06 3.123349288675418106e-05 1.436606998477539677e-05 3.331377598574964690e-05 -3.933563138748935595e-02 -1.024248422929093300e-05 -2.603451932481584238e-06 1.091611615448357433e-04 -5.957277124954350441e-04 3.625379542442748026e-03 -2.605265161130688802e-05 0.000000000000000000e+00 0.000000000000000000e+00 8.788241612290929297e-05 3.799030214730286059e-06 6.623371089204033749e-06 -2.988220613843586959e-06 7.696940111527996584e-06 6.084747672567890361e-06 -1.024248422929093300e-05 -6.677197535952830894e-03 6.974285113739781607e-06 1.109870732973582000e-04 -6.591357410788244294e-04 3.928897680622629209e-03 -5.297685574346011102e-05 0.000000000000000000e+00 0.000000000000000000e+00 6.701430267240298874e-05 -7.725151307188449408e-06 -3.367079289693890727e-06 -6.076407682069502107e-06 -3.912842462621945079e-06 4.124350494712320028e-06 -2.603451932481584238e-06 6.974285113739781607e-06 -7.314897848946951692e-03
