2.599113677819922877e-02 1.652237272536887791e-01 3.417245533719832288e-04 -1.797826197803912007e-01 0.000000000000000000e+00 0.000000000000000000e+00 -1.217505411778300151e-05 1.459863748423864162e-02 0.000000000000000000e+00 1.476231971866134862e-02 2.012903892697149449e-02 1.652237272536887791e-01 -1.102746775247082263e-02 2.888136159361324074e-04 9.566394190620894356e-02 0.000000000000000000e+00 0.000000000000000000e+00 0.000000000000000000e+00 5.244502390066325959e-02 -4.113760856915402687e-06 6.209282284504251404e-02 7.957649807401882824e-02 3.417245533719832288e-04 2.888136159361324074e-04 -1.786532092761205226e-01 -2.490586008850928490e-04 0.000000000000000000e+00 0.000000000000000000e+00 1.859530636302461390e-05 -1.074550079780670937e-04 0.000000000000000000e+00 -8.739112669201000926e-05 -3.192487387437121621e-05 -1.797826197803912007e-01 9.566394190620894356e-02 -2.490586008850928490e-04 3.922007374130726323e-03 0.000000000000000000e+00 0.000000000000000000e+00 0.000000000000000000e+00 5.230217559644476273e-03 0.000000000000000000e+00 5.692367256549747852e-03 7.575248845648110269e-03 0.000000000000000000e+00 0.000000000000000000e+00 0.000000000000000000e+00 0.000000000000000000e+00 1.648465330300101994e-04 0.000000000000000000e+00 0.000000000000000000e+00 0.000000000000000000e+00 0.000000000000000000e+00 0.000000000000000000e+00 0.000000000000000000e+00 0.000000000000000000e+00 0.000000000000000000e+00 0.000000000000000000e+00 0.000000000000000000e+00 0.000000000000000000e+00 3.409072085527803993e-04 0.000000000000000000e+00 0.000000000000000000e+00 0.000000000000000000e+00 0.000000000000000000e+00 0.000000000000000000e+00 -1.217505411778300151e-05 0.000000000000000000e+00 1.859530636302461390e-05 0.000000000000000000e+00 0.000000000000000000e+00 0.000000000000000000e+00 7.066864711478382657e-06 -3.828435868743845423e-06 -1.765767244978202534e-07 1.556797260235274284e-06 0.000000000000000000e+00 1.459863748423864162e-02 5.244502390066325959e-02 -1.074550079780670937e-04 5.230217559644476273e-03 0.000000000000000000e+00 0.000000000000000000e+00 -3.828435868743845423e-06 -9.046108864489113555e-02 -2.040735760867346829e-06 2.698836879903998231e-05 0.000000000000000000e+00 0.000000000000000000e+00 -4.113760856915402687e-06 0.000000000000000000e+00 0.000000000000000000e+00 0.000000000000000000e+00 0.000000000000000000e+00 -1.765767244978202534e-07 -2.040735760867346829e-06 6.588656934625102871e-07 0.000000000000000000e+00 0.000000000000000000e+00 1.476231971866134862e-02 6.209282284504251404e-02 -8.739112669201000926e-05 5.692367256549747852e-03 0.000000000000000000e+00 0.000000000000000000e+00 1.556797260235274284e-06 2.698836879903998231e-05 0.000000000000000000e+00 -1.125673334442627432e-01 8.018242110783986825e-06 2.012903892697149449e-02 7.957649807401882824e-02 -3.192487387437121621e-05 7.575248845648110269e-03 0.000000000000000000e+00 0.000000000000000000e+00 0.000000000000000000e+00 0.000000000000000000e+00 0.000000000000000000e+00 8.018242110783986825e-06 -1.409651506417992917e-01
-1.991659419402612263e+00 -9.048303689944500738e-02 2.648365288632870129e-01 2.493719467566106462e-01 -4.939428538379103673e-02 0.000000000000000000e+00 -2.435010823556600301e-05 -1.540771859782295167e-02 -3.244937251202709568e-06 -1.347490811528971946e-02 -1.969008792233348584e-02 -9.048303689944500738e-02 -3.819459347092203916e-01 -2.324949608285865887e-02 -2.248180158249642874e-02 -4.025537890329919377e-02 0.000000000000000000e+00 -7.717446776821140276e-06 -1.065846999341710927e-02 4.113760856915402687e-06 -1.338332455012890623e-02 -1.685336422746452900e-02 2.648365288632870129e-01 -2.324949608285865887e-02 -2.572822716058703385e+00 -1.364841132850308780e-01 -2.842819654297395471e-01 0.000000000000000000e+00 1.859530636302461390e-05 -7.650796568038377432e-02 0.000000000000000000e+00 -9.030416424841035405e-02 -1.156957429207212951e-01 2.493719467566106462e-01 -2.248180158249642874e-02 -1.364841132850308780e-01 4.679667889587798592e-03 1.285712998965176474e-03 0.000000000000000000e+00 -2.662058006386084543e-05 1.422926836079747240e-03 0.000000000000000000e+00 4.065976611821248078e-04 1.062591467036612608e-03 -4.939428538379103673e-02 -4.025537890329919377e-02 -2.842819654297395471e-01 1.285712998965176474e-03 -5.164641879830219606e-01 0.000000000000000000e+00 -3.839775382294233241e-05 -1.318740157405557667e-01 0.000000000000000000e+00 -1.665001586411523349e-01 -2.077867646927810397e-01 0.000000000000000000e+00 0.000000000000000000e+00 0.000000000000000000e+00 0.000000000000000000e+00 0.000000000000000000e+00 6.818144171055607987e-04 0.000000000000000000e+00 0.000000000000000000e+00 0.000000000000000000e+00 0.000000000000000000e+00 0.000000000000000000e+00 -2.435010823556600301e-05 -7.717446776821140276e-06 1.859530636302461390e-05 -2.662058006386084543e-05 -3.839775382294233241e-05 0.000000000000000000e+00 -3.312592833505492003e-07 -1.914217934371922712e-06 1.765767244978202534e-07 6.227189040941097137e-06 3.412283928285031313e-06 -1.540771859782295167e-02 -1.065846999341710927e-02 -7.650796568038377432e-02 1.422926836079747240e-03 -1.318740157405557667e-01 0.000000000000000000e+00 -1.914217934371922712e-06 -1.319380914233365676e-01 -1.020367880433673414e-06 -8.996122933013327437e-06 2.957738282815185765e-05 -3.244937251202709568e-06 4.113760856915402687e-06 0.000000000000000000e+00 0.000000000000000000e+00 0.000000000000000000e+00 0.000000000000000000e+00 1.765767244978202534e-07 -1.020367880433673414e-06 1.003985818609539576e-06 2.489537725304654454e-06 9.094536355612248517e-07 -1.347490811528971946e-02 -1.338332455012890623e-02 -9.030416424841035405e-02 4.065976611821248078e-04 -1.665001586411523349e-01 0.000000000000000000e+00 6.227189040941097137e-06 -8.996122933013327437e-06 2.489537725304654454e-06 -1.665548772719734893e-01 -2.405472633235196048e-05 -1.969008792233348584e-02 -1.685336422746452900e-02 -1.156957429207212951e-01 1.062591467036612608e-03 -2.077867646927810397e-01 0.000000000000000000e+00 3.412283928285031313e-06 2.957738282815185765e-05 9.094536355612248517e-07 -2.405472633235196048e-05 -2.075358514965769119e-01
-3.975115036665764073e-02 -3.687396488065157185e-01 9.112654756586219436e-04 -2.634365734741242471e-01 0.000000000000000000e+00 -4.058979345397530775e-03 1.217505411778300151e-05 8.442585533053672013e-04 -6.489874502405419136e-06 -3.147006141575093598e-03 -1.755804018552030703e-03 -3.687396488065157185e-01 -3.878072735472184451e+00 -2.888136159361324074e-04 -1.631093466536982506e-01 0.000000000000000000e+00 -3.276134266994636390e-01 -3.086978710728456110e-05 -8.945979417068920803e-02 0.000000000000000000e+00 -1.054707528232381036e-01 -1.349859078218621222e-01 9.112654756586219436e-04 -2.888136159361324074e-04 -2.615813923311472444e-01 0.000000000000000000e+00 0.000000000000000000e+00 0.000000000000000000e+00 1.239687090868307593e-05 -2.149100159561341875e-04 0.000000000000000000e+00 -5.826075112800667736e-05 -6.384974774874243241e-05 -2.634365734741242471e-01 -1.631093466536982506e-01 0.000000000000000000e+00 3.298051655519019902e-03 0.000000000000000000e+00 -1.035404969832578841e-02 1.331029003193042271e-05 -2.307448923372563011e-03 0.000000000000000000e+00 -3.753209180142690667e-03 -4.318920156342361330e-03 0.000000000000000000e+00 0.000000000000000000e+00 0.000000000000000000e+00 0.000000000000000000e+00 9.890791981800612503e-04 0.000000000000000000e+00 0.000000000000000000e+00 0.000000000000000000e+00 0.000000000000000000e+00 0.000000000000000000e+00 0.000000000000000000e+00 -4.058979345397530775e-03 -3.276134266994636390e-01 0.000000000000000000e+00 -1.035404969832578841e-02 0.000000000000000000e+00 -5.188607714173317786e-01 -3.681228234069117020e-05 -1.316760275697449745e-01 1.962267191808625354e-05 -1.636620102746224048e-01 -2.051479171998966400e-01 1.217505411778300151e-05 -3.086978710728456110e-05 1.239687090868307593e-05 1.331029003193042271e-05 0.000000000000000000e+00 -3.681228234069117020e-05 4.858469489141388342e-06 -3.828435868743845423e-06 0.000000000000000000e+00 0.000000000000000000e+00 0.000000000000000000e+00 8.442585533053672013e-04 -8.945979417068920803e-02 -2.149100159561341875e-04 -2.307448923372563011e-03 0.000000000000000000e+00 -1.316760275697449745e-01 -3.828435868743845423e-06 -1.314476974888061089e-01 0.000000000000000000e+00 -1.799224586602665487e-05 1.971825521876790623e-05 -6.489874502405419136e-06 0.000000000000000000e+00 0.000000000000000000e+00 0.000000000000000000e+00 0.000000000000000000e+00 1.962267191808625354e-05 0.000000000000000000e+00 0.000000000000000000e+00 1.254982273261924470e-07 1.659691816869769566e-06 0.000000000000000000e+00 -3.147006141575093598e-03 -1.054707528232381036e-01 -5.826075112800667736e-05 -3.753209180142690667e-03 0.000000000000000000e+00 -1.636620102746224048e-01 0.000000000000000000e+00 -1.799224586602665487e-05 1.659691816869769566e-06 -1.636283265833863576e-01 3.207296844313594730e-05 -1.755804018552030703e-03 -1.349859078218621222e-01 -6.384974774874243241e-05 -4.318920156342361330e-03 0.000000000000000000e+00 -2.051479171998966400e-01 0.000000000000000000e+00 1.971825521876790623e-05 0.000000000000000000e+00 3.207296844313594730e-05 -2.050870854511422370e-01
-4.083256064867740731e-02 -2.928643749174826838e-01 5.695409222866387689e-04 -2.101132930494639950e-01 0.000000000000000000e+00 0.000000000000000000e+00 -6.087527058891500753e-06 -7.035487944211393525e-04 0.000000000000000000e+00 -3.518925049215786832e-03 -3.198071605219769947e-03 -2.928643749174826838e-01 -3.726624849545587814e+00 -4.332204239041985839e-04 -1.299293084560828038e-01 0.000000000000000000e+00 0.000000000000000000e+00 2.315234033046341744e-05 -7.032806351304929371e-02 -4.113760856915402687e-06 -8.345536528413716182e-02 -1.066452269393569074e-01 5.695409222866387689e-04 -4.332204239041985839e-04 -2.093115072540394916e-01 -3.735879013276392465e-04 0.000000000000000000e+00 0.000000000000000000e+00 -3.719061272604922780e-05 -7.163667198537805798e-05 -3.304056624371044943e-06 -8.739112669201000926e-05 -6.384974774874243241e-05 -2.101132930494639950e-01 -1.299293084560828038e-01 -3.735879013276392465e-04 1.693594093374631683e-03 0.000000000000000000e+00 0.000000000000000000e+00 -6.655145015965211357e-06 -2.268991441316353403e-03 0.000000000000000000e+00 -3.221504546289142863e-03 -3.804762994873032642e-03 0.000000000000000000e+00 0.000000000000000000e+00 0.000000000000000000e+00 0.000000000000000000e+00 6.593861321200407974e-04 0.000000000000000000e+00 0.000000000000000000e+00 0.000000000000000000e+00 0.000000000000000000e+00 0.000000000000000000e+00 0.000000000000000000e+00 0.000000000000000000e+00 0.000000000000000000e+00 0.000000000000000000e+00 0.000000000000000000e+00 0.000000000000000000e+00 1.363628834211121597e-03 0.000000000000000000e+00 0.000000000000000000e+00 0.000000000000000000e+00 0.000000000000000000e+00 0.000000000000000000e+00 -6.087527058891500753e-06 2.315234033046341744e-05 -3.719061272604922780e-05 -6.655145015965211357e-06 0.000000000000000000e+00 0.000000000000000000e+00 -5.631407816959336352e-06 0.000000000000000000e+00 1.765767244978202534e-07 1.556797260235274284e-06 1.706141964142515656e-06 -7.035487944211393525e-04 -7.032806351304929371e-02 -7.163667198537805798e-05 -2.268991441316353403e-03 0.000000000000000000e+00 0.000000000000000000e+00 0.000000000000000000e+00 -1.065924680702355076e-01 1.020367880433673414e-06 2.698836879903998231e-05 0.000000000000000000e+00 0.000000000000000000e+00 -4.113760856915402687e-06 -3.304056624371044943e-06 0.000000000000000000e+00 0.000000000000000000e+00 0.000000000000000000e+00 1.765767244978202534e-07 1.020367880433673414e-06 -1.254982273261924417e-06 0.000000000000000000e+00 0.000000000000000000e+00 -3.518925049215786832e-03 -8.345536528413716182e-02 -8.739112669201000926e-05 -3.221504546289142863e-03 0.000000000000000000e+00 0.000000000000000000e+00 1.556797260235274284e-06 2.698836879903998231e-05 0.000000000000000000e+00 -1.315045551916618483e-01 0.000000000000000000e+00 -3.198071605219769947e-03 -1.066452269393569074e-01 -6.384974774874243241e-05 -3.804762994873032642e-03 0.000000000000000000e+00 0.000000000000000000e+00 1.706141964142515656e-06 0.000000000000000000e+00 0.000000000000000000e+00 0.000000000000000000e+00 -1.653532201325758344e-01
-1.991659419402612263e+00 -9.048303689944500738e-02 2.648365288632870129e-01 2.493719467566106462e-01 -4.939428538379103673e-02 0.000000000000000000e+00 -2.435010823556600301e-05 -1.540771859782295167e-02 -3.244937251202709568e-06 -1.347490811528971946e-02 -1.969008792233348584e-02 -9.048303689944500738e-02 -3.819459347092203916e-01 -2.324949608285865887e-02 -2.248180158249642874e-02 -4.025537890329919377e-02 0.000000000000000000e+00 -7.717446776821140276e-06 -1.065846999341710927e-02 4.113760856915402687e-06 -1.338332455012890623e-02 -1.685336422746452900e-02 2.648365288632870129e-01 -2.324949608285865887e-02 -2.572822716058703385e+00 -1.364841132850308780e-01 -2.842819654297395471e-01 0.000000000000000000e+00 1.859530636302461390e-05 -7.650796568038377432e-02 0.000000000000000000e+00 -9.030416424841035405e-02 -1.156957429207212951e-01 2.493719467566106462e-01 -2.248180158249642874e-02 -1.364841132850308780e-01 4.679667889587798592e-03 1.285712998965176474e-03 0.000000000000000000e+00 -2.662058006386084543e-05 1.422926836079747240e-03 0.000000000000000000e+00 4.065976611821248078e-04 1.062591467036612608e-03 -4.939428538379103673e-02 -4.025537890329919377e-02 -2.842819654297395471e-01 1.285712998965176474e-03 -5.164641879830219606e-01 0.000000000000000000e+00 -3.839775382294233241e-05 -1.318740157405557667e-01 0.000000000000000000e+00 -1.665001586411523349e-01 -2.077867646927810397e-01 0.000000000000000000e+00 0.000000000000000000e+00 0.000000000000000000e+00 0.000000000000000000e+00 0.000000000000000000e+00 6.818144171055607987e-04 0.000000000000000000e+00 0.000000000000000000e+00 0.000000000000000000e+00 0.000000000000000000e+00 0.000000000000000000e+00 -2.435010823556600301e-05 -7.717446776821140276e-06 1.859530636302461390e-05 -2.662058006386084543e-05 -3.839775382294233241e-05 0.000000000000000000e+00 -3.312592833505492003e-07 -1.914217934371922712e-06 1.765767244978202534e-07 6.227189040941097137e-06 3.412283928285031313e-06 -1.540771859782295167e-02 -1.065846999341710927e-02 -7.650796568038377432e-02 1.422926836079747240e-03 -1.318740157405557667e-01 0.000000000000000000e+00 -1.914217934371922712e-06 -1.319380914233365676e-01 -1.020367880433673414e-06 -8.996122933013327437e-06 2.957738282815185765e-05 -3.244937251202709568e-06 4.113760856915402687e-06 0.000000000000000000e+00 0.000000000000000000e+00 0.000000000000000000e+00 0.000000000000000000e+00 1.765767244978202534e-07 -1.020367880433673414e-06 1.003985818609539576e-06 2.489537725304654454e-06 9.094536355612248517e-07 -1.347490811528971946e-02 -1.338332455012890623e-02 -9.030416424841035405e-02 4.065976611821248078e-04 -1.665001586411523349e-01 0.000000000000000000e+00 6.227189040941097137e-06 -8.996122933013327437e-06 2.489537725304654454e-06 -1.665548772719734893e-01 -2.405472633235196048e-05 -1.969008792233348584e-02 -1.685336422746452900e-02 -1.156957429207212951e-01 1.062591467036612608e-03 -2.077867646927810397e-01 0.000000000000000000e+00 3.412283928285031313e-06 2.957738282815185765e-05 9.094536355612248517e-07 -2.405472633235196048e-05 -2.075358514965769119e-01
-1.983045427156179041e+00 -8.239912921407140101e-02 2.400045446515895464e-01 2.268685440085888849e-01 0.000000000000000000e+00 -4.126629001154156345e-02 -1.826258117667450311e-05 -1.305083013651213604e-02 0.000000000000000000e+00 -1.141504954989511385e-02 -1.664878453305586314e-02 -8.239912921407140101e-02 -3.447282310446313502e-01 -2.050576673146540033e-02 -2.031114487797953255e-02 0.000000000000000000e+00 -3.559151101577942566e-02 7.717446776821140276e-06 -9.677355600717625281e-03 0.000000000000000000e+00 -1.236778772789690235e-02 -1.530317270654208382e-02 2.400045446515895464e-01 -2.050576673146540033e-02 -2.513477839140537462e+00 -1.249028883438740578e-01 0.000000000000000000e+00 -2.552084100066717154e-01 -4.958748363473230373e-05 -6.902193345791175771e-02 -6.608113248742089886e-06 -8.165244270590135689e-02 -1.040750888304501631e-01 2.268685440085888849e-01 -2.031114487797953255e-02 -1.249028883438740578e-01 5.660169733120479739e-03 0.000000000000000000e+00 2.218724935355526149e-03 6.655145015965211357e-06 1.153724461686281505e-03 -3.547504227175291036e-06 1.876604590071345225e-04 7.198200260570601855e-04 0.000000000000000000e+00 0.000000000000000000e+00 0.000000000000000000e+00 0.000000000000000000e+00 -1.648465330300101994e-04 0.000000000000000000e+00 0.000000000000000000e+00 0.000000000000000000e+00 0.000000000000000000e+00 0.000000000000000000e+00 0.000000000000000000e+00 -4.126629001154156345e-02 -3.559151101577942566e-02 -2.552084100066717154e-01 2.218724935355526149e-03 0.000000000000000000e+00 -4.343157836962422413e-01 -3.681228234069117020e-05 -1.207207522549762213e-01 9.811335959043126768e-06 -1.513787092920661770e-01 -1.888422601950989488e-01 -1.826258117667450311e-05 7.717446776821140276e-06 -4.958748363473230373e-05 6.655145015965211357e-06 0.000000000000000000e+00 -3.681228234069117020e-05 1.877135938986445380e-06 1.914217934371922712e-06 1.765767244978202534e-07 -1.556797260235274284e-06 1.364913571314012525e-05 -1.305083013651213604e-02 -9.677355600717625281e-03 -6.902193345791175771e-02 1.153724461686281505e-03 0.000000000000000000e+00 -1.207207522549762213e-01 1.914217934371922712e-06 -1.206959026535365798e-01 1.020367880433673414e-06 0.000000000000000000e+00 9.859127609383953116e-06 0.000000000000000000e+00 0.000000000000000000e+00 -6.608113248742089886e-06 -3.547504227175291036e-06 0.000000000000000000e+00 9.811335959043126768e-06 1.765767244978202534e-07 1.020367880433673414e-06 -3.137455683154811174e-08 8.298459084348847828e-07 0.000000000000000000e+00 -1.141504954989511385e-02 -1.236778772789690235e-02 -8.165244270590135689e-02 1.876604590071345225e-04 0.000000000000000000e+00 -1.513787092920661770e-01 -1.556797260235274284e-06 0.000000000000000000e+00 8.298459084348847828e-07 -1.513099869766751093e-01 8.018242110783986825e-06 -1.664878453305586314e-02 -1.530317270654208382e-02 -1.040750888304501631e-01 7.198200260570601855e-04 0.000000000000000000e+00 -1.888422601950989488e-01 1.364913571314012525e-05 9.859127609383953116e-06 0.000000000000000000e+00 8.018242110783986825e-06 -1.892638388274123784e-01
-1.977451925697456092e+00 -6.566402207592952900e-02 -1.894293107525360509e-01 1.823509429201110588e-01 0.000000000000000000e+00 0.000000000000000000e+00 1.826258117667450311e-05 -9.075779448032698579e-03 0.000000000000000000e+00 -8.296652555061611103e-03 -1.182032348203777838e-02 -6.566402207592952900e-02 -2.835977032863691849e-01 1.617356249242341351e-02 -1.612487837641123425e-02 0.000000000000000000e+00 0.000000000000000000e+00 -1.543489355364228055e-05 -7.982703467873063924e-03 0.000000000000000000e+00 -9.974022361207179541e-03 -1.232203516630661286e-02 -1.894293107525360509e-01 1.617356249242341351e-02 -5.025950488183437634e-03 9.900079385182440628e-02 0.000000000000000000e+00 0.000000000000000000e+00 -2.479374181736615187e-05 5.408568734896043728e-02 6.608113248742089886e-06 6.408682624080734580e-02 8.188730148776217355e-02 1.823509429201110588e-01 -1.612487837641123425e-02 9.900079385182440628e-02 1.203343171608290893e-03 0.000000000000000000e+00 0.000000000000000000e+00 0.000000000000000000e+00 4.614897846745125804e-04 0.000000000000000000e+00 -1.563837158392787868e-04 3.770485850775077085e-04 0.000000000000000000e+00 0.000000000000000000e+00 0.000000000000000000e+00 0.000000000000000000e+00 -1.318772264240081595e-03 0.000000000000000000e+00 0.000000000000000000e+00 0.000000000000000000e+00 0.000000000000000000e+00 0.000000000000000000e+00 0.000000000000000000e+00 0.000000000000000000e+00 0.000000000000000000e+00 0.000000000000000000e+00 0.000000000000000000e+00 0.000000000000000000e+00 -2.727257668422243195e-03 0.000000000000000000e+00 0.000000000000000000e+00 0.000000000000000000e+00 0.000000000000000000e+00 0.000000000000000000e+00 1.826258117667450311e-05 -1.543489355364228055e-05 -2.479374181736615187e-05 0.000000000000000000e+00 0.000000000000000000e+00 0.000000000000000000e+00 4.085531161323439484e-06 0.000000000000000000e+00 0.000000000000000000e+00 -1.556797260235274284e-06 -1.706141964142515656e-06 -9.075779448032698579e-03 -7.982703467873063924e-03 5.408568734896043728e-02 4.614897846745125804e-04 0.000000000000000000e+00 0.000000000000000000e+00 0.000000000000000000e+00 -9.818571490685604197e-02 1.020367880433673414e-06 -8.996122933013327437e-06 1.971825521876790623e-05 0.000000000000000000e+00 0.000000000000000000e+00 6.608113248742089886e-06 0.000000000000000000e+00 0.000000000000000000e+00 0.000000000000000000e+00 0.000000000000000000e+00 1.020367880433673414e-06 -1.160858602767280075e-06 0.000000000000000000e+00 0.000000000000000000e+00 -8.296652555061611103e-03 -9.974022361207179541e-03 6.408682624080734580e-02 -1.563837158392787868e-04 0.000000000000000000e+00 0.000000000000000000e+00 -1.556797260235274284e-06 -8.996122933013327437e-06 0.000000000000000000e+00 -1.215811095651110479e-01 1.603648422156797365e-05 -1.182032348203777838e-02 -1.232203516630661286e-02 8.188730148776217355e-02 3.770485850775077085e-04 0.000000000000000000e+00 0.000000000000000000e+00 -1.706141964142515656e-06 1.971825521876790623e-05 0.000000000000000000e+00 1.603648422156797365e-05 -1.526700180072980972e-01
-1.993598499908302957e+00 -9.005756807389903029e-02 -2.643808961254576761e-01 2.496165489603934806e-01 -4.915907450101107690e-02 0.000000000000000000e+00 -1.826258117667450311e-05 -1.565396067587035075e-02 -3.244937251202709568e-06 -1.373239043596404495e-02 -2.009768528378306357e-02 -9.005756807389903029e-02 -3.857216437766424755e-01 2.267186885098639373e-02 -2.263684848996192281e-02 -4.025537890329919377e-02 0.000000000000000000e+00 1.543489355364228055e-05 -1.079225831969430997e-02 0.000000000000000000e+00 -1.356467041124176376e-02 -1.693286122853747411e-02 -2.643808961254576761e-01 2.267186885098639373e-02 -4.330049651358038564e-03 1.362350546841457899e-01 2.821264998114854095e-01 0.000000000000000000e+00 6.198435454341537967e-06 7.625723732843495140e-02 -6.608113248742089886e-06 9.010025161946232097e-02 1.153764941819775819e-01 2.496165489603934806e-01 -2.263684848996192281e-02 1.362350546841457899e-01 4.991645748893651369e-03 3.857138996895529640e-03 0.000000000000000000e+00 -6.655145015965211357e-06 1.461384318135956631e-03 3.547504227175291036e-06 4.065976611821248078e-04 1.268254331624344214e-03 -4.915907450101107690e-02 -4.025537890329919377e-02 2.821264998114854095e-01 3.857138996895529640e-03 -5.062437029351614104e-01 0.000000000000000000e+00 -3.839775382294233241e-05 -1.316521301279805212e-01 6.822600843615545091e-06 -1.665001586411523349e-01 -2.075230759050998297e-01 0.000000000000000000e+00 0.000000000000000000e+00 0.000000000000000000e+00 0.000000000000000000e+00 0.000000000000000000e+00 2.386350459869463012e-03 0.000000000000000000e+00 0.000000000000000000e+00 0.000000000000000000e+00 0.000000000000000000e+00 0.000000000000000000e+00 -1.826258117667450311e-05 1.543489355364228055e-05 6.198435454341537967e-06 -6.655145015965211357e-06 -3.839775382294233241e-05 0.000000000000000000e+00 0.000000000000000000e+00 0.000000000000000000e+00 0.000000000000000000e+00 -3.113594520470548568e-06 0.000000000000000000e+00 -1.565396067587035075e-02 -1.079225831969430997e-02 7.625723732843495140e-02 1.461384318135956631e-03 -1.316521301279805212e-01 0.000000000000000000e+00 0.000000000000000000e+00 -1.317611071462128081e-01 -1.020367880433673414e-06 -8.996122933013327437e-06 -9.859127609383953116e-06 -3.244937251202709568e-06 0.000000000000000000e+00 -6.608113248742089886e-06 3.547504227175291036e-06 6.822600843615545091e-06 0.000000000000000000e+00 0.000000000000000000e+00 -1.020367880433673414e-06 6.902402502940583657e-07 0.000000000000000000e+00 0.000000000000000000e+00 -1.373239043596404495e-02 -1.356467041124176376e-02 9.010025161946232097e-02 4.065976611821248078e-04 -1.665001586411523349e-01 0.000000000000000000e+00 -3.113594520470548568e-06 -8.996122933013327437e-06 0.000000000000000000e+00 -1.662378342807098730e-01 -1.603648422156797365e-05 -2.009768528378306357e-02 -1.693286122853747411e-02 1.153764941819775819e-01 1.268254331624344214e-03 -2.075230759050998297e-01 0.000000000000000000e+00 0.000000000000000000e+00 -9.859127609383953116e-06 0.000000000000000000e+00 -1.603648422156797365e-05 -2.072195037299418285e-01
3.266604851894192724e-02 2.089051933430760288e-01 7.973572912012942548e-04 -2.245448230726518613e-01 0.000000000000000000e+00 6.798790403540865002e-02 -6.087527058891500753e-06 2.005114064100247187e-02 0.000000000000000000e+00 1.996918442563104870e-02 2.749714507625233839e-02 2.089051933430760288e-01 -1.594188272911542872e-02 -2.888136159361324074e-04 1.201613532857567779e-01 0.000000000000000000e+00 2.465676967960623023e-01 1.543489355364228055e-05 6.676037481232389992e-02 -4.113760856915402687e-06 7.884918041187057025e-02 1.007624488599589141e-01 7.973572912012942548e-04 -2.888136159361324074e-04 -2.269409951202829290e-01 -1.120763703982917848e-03 0.000000000000000000e+00 -3.444108097256028296e-04 2.479374181736615187e-05 -1.074550079780670937e-04 -3.304056624371044943e-06 -1.456518778200166866e-04 -3.192487387437121621e-05 -2.245448230726518613e-01 1.201613532857567779e-01 -1.120763703982917848e-03 2.451254608831703735e-03 0.000000000000000000e+00 2.366639931045894443e-02 0.000000000000000000e+00 6.691601877780432688e-03 3.547504227175291036e-06 7.412588130781814534e-03 9.940371788407021889e-03 0.000000000000000000e+00 0.000000000000000000e+00 0.000000000000000000e+00 0.000000000000000000e+00 -4.945395990900306252e-04 0.000000000000000000e+00 0.000000000000000000e+00 0.000000000000000000e+00 0.000000000000000000e+00 0.000000000000000000e+00 0.000000000000000000e+00 6.798790403540865002e-02 2.465676967960623023e-01 -3.444108097256028296e-04 2.366639931045894443e-02 0.000000000000000000e+00 -4.530656801666451683e-01 3.681228234069117020e-05 -1.108290959028063599e-01 9.811335959043126768e-06 -1.398739273858691512e-01 -1.746222104816125831e-01 -6.087527058891500753e-06 1.543489355364228055e-05 2.479374181736615187e-05 0.000000000000000000e+00 0.000000000000000000e+00 3.681228234069117020e-05 -8.502321605997428962e-06 0.000000000000000000e+00 1.765767244978202534e-07 0.000000000000000000e+00 -1.706141964142515656e-06 2.005114064100247187e-02 6.676037481232389992e-02 -1.074550079780670937e-04 6.691601877780432688e-03 0.000000000000000000e+00 -1.108290959028063599e-01 0.000000000000000000e+00 -1.111461260337327228e-01 1.020367880433673414e-06 1.799224586602665487e-05 -2.957738282815185765e-05 0.000000000000000000e+00 -4.113760856915402687e-06 -3.304056624371044943e-06 3.547504227175291036e-06 0.000000000000000000e+00 9.811335959043126768e-06 1.765767244978202534e-07 1.020367880433673414e-06 -9.412367049464432861e-08 8.298459084348847828e-07 0.000000000000000000e+00 1.996918442563104870e-02 7.884918041187057025e-02 -1.456518778200166866e-04 7.412588130781814534e-03 0.000000000000000000e+00 -1.398739273858691512e-01 0.000000000000000000e+00 1.799224586602665487e-05 8.298459084348847828e-07 -1.399378987592737045e-01 -2.405472633235196048e-05 2.749714507625233839e-02 1.007624488599589141e-01 -3.192487387437121621e-05 9.940371788407021889e-03 0.000000000000000000e+00 -1.746222104816125831e-01 -1.706141964142515656e-06 -2.957738282815185765e-05 0.000000000000000000e+00 -2.405472633235196048e-05 -1.745976048686905258e-01
2.599113677819922877e-02 1.652237272536887791e-01 3.417245533719832288e-04 -1.797826197803912007e-01 0.000000000000000000e+00 0.000000000000000000e+00 -1.217505411778300151e-05 1.459863748423864162e-02 0.000000000000000000e+00 1.476231971866134862e-02 2.012903892697149449e-02 1.652237272536887791e-01 -1.102746775247082263e-02 2.888136159361324074e-04 9.566394190620894356e-02 0.000000000000000000e+00 0.000000000000000000e+00 0.000000000000000000e+00 5.244502390066325959e-02 -4.113760856915402687e-06 6.209282284504251404e-02 7.957649807401882824e-02 3.417245533719832288e-04 2.888136159361324074e-04 -1.786532092761205226e-01 -2.490586008850928490e-04 0.000000000000000000e+00 0.000000000000000000e+00 1.859530636302461390e-05 -1.074550079780670937e-04 0.000000000000000000e+00 -8.739112669201000926e-05 -3.192487387437121621e-05 -1.797826197803912007e-01 9.566394190620894356e-02 -2.490586008850928490e-04 3.922007374130726323e-03 0.000000000000000000e+00 0.000000000000000000e+00 0.000000000000000000e+00 5.230217559644476273e-03 0.000000000000000000e+00 5.692367256549747852e-03 7.575248845648110269e-03 0.000000000000000000e+00 0.000000000000000000e+00 0.000000000000000000e+00 0.000000000000000000e+00 1.648465330300101994e-04 0.000000000000000000e+00 0.000000000000000000e+00 0.000000000000000000e+00 0.000000000000000000e+00 0.000000000000000000e+00 0.000000000000000000e+00 0.000000000000000000e+00 0.000000000000000000e+00 0.000000000000000000e+00 0.000000000000000000e+00 0.000000000000000000e+00 3.409072085527803993e-04 0.000000000000000000e+00 0.000000000000000000e+00 0.000000000000000000e+00 0.000000000000000000e+00 0.000000000000000000e+00 -1.217505411778300151e-05 0.000000000000000000e+00 1.859530636302461390e-05 0.000000000000000000e+00 0.000000000000000000e+00 0.000000000000000000e+00 7.066864711478382657e-06 -3.828435868743845423e-06 -1.765767244978202534e-07 1.556797260235274284e-06 0.000000000000000000e+00 1.459863748423864162e-02 5.244502390066325959e-02 -1.074550079780670937e-04 5.230217559644476273e-03 0.000000000000000000e+00 0.000000000000000000e+00 -3.828435868743845423e-06 -9.046108864489113555e-02 -2.040735760867346829e-06 2.698836879903998231e-05 0.000000000000000000e+00 0.000000000000000000e+00 -4.113760856915402687e-06 0.000000000000000000e+00 0.000000000000000000e+00 0.000000000000000000e+00 0.000000000000000000e+00 -1.765767244978202534e-07 -2.040735760867346829e-06 6.588656934625102871e-07 0.000000000000000000e+00 0.000000000000000000e+00 1.476231971866134862e-02 6.209282284504251404e-02 -8.739112669201000926e-05 5.692367256549747852e-03 0.000000000000000000e+00 0.000000000000000000e+00 1.556797260235274284e-06 2.698836879903998231e-05 0.000000000000000000e+00 -1.125673334442627432e-01 8.018242110783986825e-06 2.012903892697149449e-02 7.957649807401882824e-02 -3.192487387437121621e-05 7.575248845648110269e-03 0.000000000000000000e+00 0.000000000000000000e+00 0.000000000000000000e+00 0.000000000000000000e+00 0.000000000000000000e+00 8.018242110783986825e-06 -1.409651506417992917e-01
4.161565085289862381e-02 2.306041034459209993e-01 7.973572912012942548e-04 -2.474151291263478880e-01 7.714916955182600511e-02 0.000000000000000000e+00 0.000000000000000000e+00 2.321711021589759755e-02 0.000000000000000000e+00 2.280148995304863424e-02 3.151041140437126770e-02 2.306041034459209993e-01 -1.108739964242990220e-02 4.332204239041985839e-04 1.325651058829961926e-01 2.746311405180634213e-01 0.000000000000000000e+00 7.717446776821140276e-06 7.407413664881094817e-02 0.000000000000000000e+00 8.744497422862003433e-02 1.118125320090983948e-01 7.973572912012942548e-04 4.332204239041985839e-04 -2.462715739209884735e-01 -2.490586008850928490e-04 -7.184885394180442857e-04 0.000000000000000000e+00 -6.198435454341537967e-06 3.581833599268902899e-05 3.304056624371044943e-06 -1.165215022560133547e-04 -1.915492432462273108e-04 -2.474151291263478880e-01 1.325651058829961926e-01 -2.490586008850928490e-04 8.200560873182428240e-03 2.648568777868263655e-02 0.000000000000000000e+00 1.996543504789563322e-05 7.653038929185666805e-03 7.095008454350582073e-06 8.350890425817486876e-03 1.107151754363954431e-02 7.714916955182600511e-02 2.746311405180634213e-01 -7.184885394180442857e-04 2.648568777868263655e-02 -4.584382083564583765e-01 0.000000000000000000e+00 -2.559850254862822499e-05 -1.212235063369438703e-01 0.000000000000000000e+00 -1.535073716951664557e-01 -1.910425266750251927e-01 0.000000000000000000e+00 0.000000000000000000e+00 0.000000000000000000e+00 0.000000000000000000e+00 0.000000000000000000e+00 -1.022721625658341198e-03 0.000000000000000000e+00 0.000000000000000000e+00 0.000000000000000000e+00 0.000000000000000000e+00 0.000000000000000000e+00 0.000000000000000000e+00 7.717446776821140276e-06 -6.198435454341537967e-06 1.996543504789563322e-05 -2.559850254862822499e-05 0.000000000000000000e+00 6.956444950361532941e-06 -1.914217934371922712e-06 0.000000000000000000e+00 -3.113594520470548568e-06 -1.706141964142515656e-06 2.321711021589759755e-02 7.407413664881094817e-02 3.581833599268902899e-05 7.653038929185666805e-03 -1.212235063369438703e-01 0.000000000000000000e+00 -1.914217934371922712e-06 -1.215550138320749263e-01 1.020367880433673414e-06 8.996122933013327437e-06 -1.971825521876790623e-05 0.000000000000000000e+00 0.000000000000000000e+00 3.304056624371044943e-06 7.095008454350582073e-06 0.000000000000000000e+00 0.000000000000000000e+00 0.000000000000000000e+00 1.020367880433673414e-06 -1.254982273261924470e-07 0.000000000000000000e+00 0.000000000000000000e+00 2.280148995304863424e-02 8.744497422862003433e-02 -1.165215022560133547e-04 8.350890425817486876e-03 -1.535073716951664557e-01 0.000000000000000000e+00 -3.113594520470548568e-06 8.996122933013327437e-06 0.000000000000000000e+00 -1.537073197490760601e-01 0.000000000000000000e+00 3.151041140437126770e-02 1.118125320090983948e-01 -1.915492432462273108e-04 1.107151754363954431e-02 -1.910425266750251927e-01 0.000000000000000000e+00 -1.706141964142515656e-06 -1.971825521876790623e-05 0.000000000000000000e+00 0.000000000000000000e+00 -1.912175792009828679e-01
3.266604851894192724e-02 2.089051933430760288e-01 7.973572912012942548e-04 -2.245448230726518613e-01 0.000000000000000000e+00 6.798790403540865002e-02 -6.087527058891500753e-06 2.005114064100247187e-02 0.000000000000000000e+00 1.996918442563104870e-02 2.749714507625233839e-02 2.089051933430760288e-01 -1.594188272911542872e-02 -2.888136159361324074e-04 1.201613532857567779e-01 0.000000000000000000e+00 2.465676967960623023e-01 1.543489355364228055e-05 6.676037481232389992e-02 -4.113760856915402687e-06 7.884918041187057025e-02 1.007624488599589141e-01 7.973572912012942548e-04 -2.888136159361324074e-04 -2.269409951202829290e-01 -1.120763703982917848e-03 0.000000000000000000e+00 -3.444108097256028296e-04 2.479374181736615187e-05 -1.074550079780670937e-04 -3.304056624371044943e-06 -1.456518778200166866e-04 -3.192487387437121621e-05 -2.245448230726518613e-01 1.201613532857567779e-01 -1.120763703982917848e-03 2.451254608831703735e-03 0.000000000000000000e+00 2.366639931045894443e-02 0.000000000000000000e+00 6.691601877780432688e-03 3.547504227175291036e-06 7.412588130781814534e-03 9.940371788407021889e-03 0.000000000000000000e+00 0.000000000000000000e+00 0.000000000000000000e+00 0.000000000000000000e+00 -4.945395990900306252e-04 0.000000000000000000e+00 0.000000000000000000e+00 0.000000000000000000e+00 0.000000000000000000e+00 0.000000000000000000e+00 0.000000000000000000e+00 6.798790403540865002e-02 2.465676967960623023e-01 -3.444108097256028296e-04 2.366639931045894443e-02 0.000000000000000000e+00 -4.530656801666451683e-01 3.681228234069117020e-05 -1.108290959028063599e-01 9.811335959043126768e-06 -1.398739273858691512e-01 -1.746222104816125831e-01 -6.087527058891500753e-06 1.543489355364228055e-05 2.479374181736615187e-05 0.000000000000000000e+00 0.000000000000000000e+00 3.681228234069117020e-05 -8.502321605997428962e-06 0.000000000000000000e+00 1.765767244978202534e-07 0.000000000000000000e+00 -1.706141964142515656e-06 2.005114064100247187e-02 6.676037481232389992e-02 -1.074550079780670937e-04 6.691601877780432688e-03 0.000000000000000000e+00 -1.108290959028063599e-01 0.000000000000000000e+00 -1.111461260337327228e-01 1.020367880433673414e-06 1.799224586602665487e-05 -2.957738282815185765e-05 0.000000000000000000e+00 -4.113760856915402687e-06 -3.304056624371044943e-06 3.547504227175291036e-06 0.000000000000000000e+00 9.811335959043126768e-06 1.765767244978202534e-07 1.020367880433673414e-06 -9.412367049464432861e-08 8.298459084348847828e-07 0.000000000000000000e+00 1.996918442563104870e-02 7.884918041187057025e-02 -1.456518778200166866e-04 7.412588130781814534e-03 0.000000000000000000e+00 -1.398739273858691512e-01 0.000000000000000000e+00 1.799224586602665487e-05 8.298459084348847828e-07 -1.399378987592737045e-01 -2.405472633235196048e-05 2.749714507625233839e-02 1.007624488599589141e-01 -3.192487387437121621e-05 9.940371788407021889e-03 0.000000000000000000e+00 -1.746222104816125831e-01 -1.706141964142515656e-06 -2.957738282815185765e-05 0.000000000000000000e+00 -2.405472633235196048e-05 -1.745976048686905258e-01
-1.977451925697456092e+00 -6.566402207592952900e-02 -1.894293107525360509e-01 1.823509429201110588e-01 0.000000000000000000e+00 0.000000000000000000e+00 1.826258117667450311e-05 -9.075779448032698579e-03 0.000000000000000000e+00 -8.296652555061611103e-03 -1.182032348203777838e-02 -6.566402207592952900e-02 -2.835977032863691849e-01 1.617356249242341351e-02 -1.612487837641123425e-02 0.000000000000000000e+00 0.000000000000000000e+00 -1.543489355364228055e-05 -7.982703467873063924e-03 0.000000000000000000e+00 -9.974022361207179541e-03 -1.232203516630661286e-02 -1.894293107525360509e-01 1.617356249242341351e-02 -5.025950488183437634e-03 9.900079385182440628e-02 0.000000000000000000e+00 0.000000000000000000e+00 -2.479374181736615187e-05 5.408568734896043728e-02 6.608113248742089886e-06 6.408682624080734580e-02 8.188730148776217355e-02 1.823509429201110588e-01 -1.612487837641123425e-02 9.900079385182440628e-02 1.203343171608290893e-03 0.000000000000000000e+00 0.000000000000000000e+00 0.000000000000000000e+00 4.614897846745125804e-04 0.000000000000000000e+00 -1.563837158392787868e-04 3.770485850775077085e-04 0.000000000000000000e+00 0.000000000000000000e+00 0.000000000000000000e+00 0.000000000000000000e+00 -1.318772264240081595e-03 0.000000000000000000e+00 0.000000000000000000e+00 0.000000000000000000e+00 0.000000000000000000e+00 0.000000000000000000e+00 0.000000000000000000e+00 0.000000000000000000e+00 0.000000000000000000e+00 0.000000000000000000e+00 0.000000000000000000e+00 0.000000000000000000e+00 -2.727257668422243195e-03 0.000000000000000000e+00 0.000000000000000000e+00 0.000000000000000000e+00 0.000000000000000000e+00 0.000000000000000000e+00 1.826258117667450311e-05 -1.543489355364228055e-05 -2.479374181736615187e-05 0.000000000000000000e+00 0.000000000000000000e+00 0.000000000000000000e+00 4.085531161323439484e-06 0.000000000000000000e+00 0.000000000000000000e+00 -1.556797260235274284e-06 -1.706141964142515656e-06 -9.075779448032698579e-03 -7.982703467873063924e-03 5.408568734896043728e-02 4.614897846745125804e-04 0.000000000000000000e+00 0.000000000000000000e+00 0.000000000000000000e+00 -9.818571490685604197e-02 1.020367880433673414e-06 -8.996122933013327437e-06 1.971825521876790623e-05 0.000000000000000000e+00 0.000000000000000000e+00 6.608113248742089886e-06 0.000000000000000000e+00 0.000000000000000000e+00 0.000000000000000000e+00 0.000000000000000000e+00 1.020367880433673414e-06 -1.160858602767280075e-06 0.000000000000000000e+00 0.000000000000000000e+00 -8.296652555061611103e-03 -9.974022361207179541e-03 6.408682624080734580e-02 -1.563837158392787868e-04 0.000000000000000000e+00 0.000000000000000000e+00 -1.556797260235274284e-06 -8.996122933013327437e-06 0.000000000000000000e+00 -1.215811095651110479e-01 1.603648422156797365e-05 -1.182032348203777838e-02 -1.232203516630661286e-02 8.188730148776217355e-02 3.770485850775077085e-04 0.000000000000000000e+00 0.000000000000000000e+00 -1.706141964142515656e-06 1.971825521876790623e-05 0.000000000000000000e+00 1.603648422156797365e-05 -1.526700180072980972e-01
