3.062570928983830362e-02 1.455741836343064921e-01 -6.708378976312287609e-04 -1.561215847764357012e-01 0.000000000000000000e+00 0.000000000000000000e+00 1.747730330551987982e-04 6.077082474087236626e-03 6.298986010215086064e-03 3.876240263529093059e-03 5.665500174920367650e-04 6.295194142215900131e-04 1.976563950768466318e-03 2.456461096366879923e-04 2.775098811483658087e-04 1.455741836343064921e-01 4.177413512192171318e-04 5.742131676940792845e-04 8.026054577434685311e-02 0.000000000000000000e+00 0.000000000000000000e+00 -5.048981257054339748e-03 3.916851048891473175e-02 4.713794838343598331e-02 3.526564938777171365e-02 6.153577689882771921e-03 8.020515887064051316e-03 2.129660413118245749e-02 3.399272121897836067e-03 3.705600599398522002e-03 -6.708378976312287609e-04 5.742131676940792845e-04 -1.586152163154049277e-01 -2.134505441753539051e-04 0.000000000000000000e+00 0.000000000000000000e+00 8.996502788794817304e-05 1.245054481001677178e-04 1.085330544643201922e-04 0.000000000000000000e+00 0.000000000000000000e+00 4.985343269005359861e-05 -2.097820994684196645e-05 -4.214906368888704231e-05 -1.428491785046083290e-05 -1.561215847764357012e-01 8.026054577434685311e-02 -2.134505441753539051e-04 4.255076443280295280e-03 0.000000000000000000e+00 0.000000000000000000e+00 -3.336609259363882730e-04 4.127014951230882286e-03 4.679361730414171791e-03 3.268786140522634848e-03 4.969542191392866586e-04 6.163188408866530910e-04 1.925640726313282251e-03 3.126436115887608444e-04 3.311230366958865714e-04 0.000000000000000000e+00 0.000000000000000000e+00 0.000000000000000000e+00 0.000000000000000000e+00 -2.118131148162154405e-04 0.000000000000000000e+00 0.000000000000000000e+00 0.000000000000000000e+00 0.000000000000000000e+00 0.000000000000000000e+00 0.000000000000000000e+00 0.000000000000000000e+00 0.000000000000000000e+00 0.000000000000000000e+00 0.000000000000000000e+00 0.000000000000000000e+00 0.000000000000000000e+00 0.000000000000000000e+00 0.000000000000000000e+00 0.000000000000000000e+00 -1.883182431677165214e-04 0.000000000000000000e+00 0.000000000000000000e+00 0.000000000000000000e+00 0.000000000000000000e+00 0.000000000000000000e+00 0.000000000000000000e+00 0.000000000000000000e+00 0.000000000000000000e+00 0.000000000000000000e+00 1.747730330551987982e-04 -5.048981257054339748e-03 8.996502788794817304e-05 -3.336609259363882730e-04 0.000000000000000000e+00 0.000000000000000000e+00 1.125049912539011210e-02 1.702960179863091217e-04 1.003093147685230925e-02 5.778796578907135877e-03 3.942701441305067420e-04 3.376954811672446097e-04 2.000351640826252345e-03 6.588643599911560788e-05 3.349477698914444639e-05 6.077082474087236626e-03 3.916851048891473175e-02 1.245054481001677178e-04 4.127014951230882286e-03 0.000000000000000000e+00 0.000000000000000000e+00 1.702960179863091217e-04 -6.650890587026138390e-02 4.475737458263473424e-04 0.000000000000000000e+00 0.000000000000000000e+00 0.000000000000000000e+00 5.672848188580153218e-06 -7.598526922418913067e-06 3.862873455711703188e-06 6.298986010215086064e-03 4.713794838343598331e-02 1.085330544643201922e-04 4.679361730414171791e-03 0.000000000000000000e+00 0.000000000000000000e+00 1.003093147685230925e-02 4.475737458263473424e-04 -7.221723321041728649e-02 1.385064573123889579e-04 1.337749290892568065e-04 7.834480650279527670e-06 1.978038875611774842e-05 -3.311868472036704464e-06 3.367318149967529328e-06 3.876240263529093059e-03 3.526564938777171365e-02 0.000000000000000000e+00 3.268786140522634848e-03 0.000000000000000000e+00 0.000000000000000000e+00 5.778796578907135877e-03 0.000000000000000000e+00 1.385064573123889579e-04 -5.725554071430893205e-02 1.508811840496746242e-04 2.120712557982650461e-05 2.677172917351008377e-05 -8.964884045995389033e-06 -9.114980566202887254e-06 5.665500174920367650e-04 6.153577689882771921e-03 0.000000000000000000e+00 4.969542191392866586e-04 0.000000000000000000e+00 0.000000000000000000e+00 3.942701441305067420e-04 0.000000000000000000e+00 1.337749290892568065e-04 1.508811840496746242e-04 -1.107164787414031785e-02 9.103407806322452416e-06 1.723811891169619063e-05 1.924140900186947430e-06 -1.956356247538372257e-06 6.295194142215900131e-04 8.020515887064051316e-03 4.985343269005359861e-05 6.163188408866530910e-04 0.000000000000000000e+00 0.000000000000000000e+00 3.376954811672446097e-04 0.000000000000000000e+00 7.834480650279527670e-06 2.120712557982650461e-05 9.103407806322452416e-06 -1.440511697300687552e-02 2.725769446838130689e-05 6.085077500634466319e-06 -2.062319411217890267e-06 1.976563950768466318e-03 2.129660413118245749e-02 -2.097820994684196645e-05 1.925640726313282251e-03 0.000000000000000000e+00 0.000000000000000000e+00 2.000351640826252345e-03 5.672848188580153218e-06 1.978038875611774842e-05 2.677172917351008377e-05 1.723811891169619063e-05 2.725769446838130689e-05 -3.620688842152768733e-02 -2.560586632915707301e-06 -1.301728905658930197e-05 2.456461096366879923e-04 3.399272121897836067e-03 -4.214906368888704231e-05 3.126436115887608444e-04 0.000000000000000000e+00 0.000000000000000000e+00 6.588643599911560788e-05 -7.598526922418913067e-06 -3.311868472036704464e-06 -8.964884045995389033e-06 1.924140900186947430e-06 6.085077500634466319e-06 -2.560586632915707301e-06 -6.112460075307660397e-03 1.743607762191138188e-06 2.775098811483658087e-04 3.705600599398522002e-03 -1.428491785046083290e-05 3.311230366958865714e-04 0.000000000000000000e+00 0.000000000000000000e+00 3.349477698914444639e-05 3.862873455711703188e-06 3.367318149967529328e-06 -9.114980566202887254e-06 -1.956356247538372257e-06 -2.062319411217890267e-06 -1.301728905658930197e-05 1.743607762191138188e-06 -6.690549065222952535e-03
-1.851153983741337328e+00 -8.366332392776235083e-02 2.527940810907013391e-01 2.256817331064412402e-01 -1.225983180812983617e-02 0.000000000000000000e+00 -6.117056156931957936e-04 -6.167785197581075914e-03 -5.165695640176388992e-03 -1.664643057957279106e-03 -1.531216263491991367e-05 1.775567578573715227e-04 -1.426386356224666600e-04 8.188203654556266411e-05 2.081324108612743430e-04 -8.366332392776235083e-02 -3.688656131265687366e-01 -2.239431354006909264e-02 -2.049771815795922714e-02 -3.935241033713600400e-02 0.000000000000000000e+00 5.609979174504821581e-04 -8.734306105060271955e-03 -1.065933506158100140e-02 -8.366050157791730946e-03 -1.533479424315834340e-03 -2.031035030832757399e-03 -5.101766345922086748e-03 -9.286671260854913222e-04 -9.620309248438471249e-04 2.527940810907013391e-01 -2.239431354006909264e-02 -2.540414147909839215e+00 -1.278568759610369809e-01 -2.705990751311234122e-01 0.000000000000000000e+00 8.816572733018921554e-03 -6.284412492855966093e-02 -7.540333958908645995e-02 -5.628482843919897782e-02 -9.852486353260027710e-03 -1.269600752506698342e-02 -3.383785264425609451e-02 -5.352931088488653913e-03 -5.842531400838481097e-03 2.256817331064412402e-01 -2.049771815795922714e-02 -1.278568759610369809e-01 2.638807096607935151e-03 -5.319401399186314289e-04 0.000000000000000000e+00 4.170761574204853413e-04 7.503663547692513347e-04 3.270521639536786893e-04 -3.858983638116999203e-04 -1.753956067550423246e-04 -3.235673914654928619e-04 -4.668219942577653877e-04 -1.042145371962536013e-04 -3.973476440350639019e-05 -1.225983180812983617e-02 -3.935241033713600400e-02 -2.705990751311234122e-01 -5.319401399186314289e-04 -4.851579394865414563e-01 0.000000000000000000e+00 1.733827735461865999e-02 -1.045126634511753527e-01 -1.295576422345709466e-01 -1.009551295306251317e-01 -1.822843156216812435e-02 -2.410251124084434454e-02 -6.231752257720225840e-02 -1.015383663007383627e-02 -1.129689098153593280e-02 0.000000000000000000e+00 0.000000000000000000e+00 0.000000000000000000e+00 0.000000000000000000e+00 0.000000000000000000e+00 3.766364863354330428e-04 0.000000000000000000e+00 0.000000000000000000e+00 0.000000000000000000e+00 0.000000000000000000e+00 0.000000000000000000e+00 0.000000000000000000e+00 0.000000000000000000e+00 0.000000000000000000e+00 0.000000000000000000e+00 -6.117056156931957936e-04 5.609979174504821581e-04 8.816572733018921554e-03 4.170761574204853413e-04 1.733827735461865999e-02 0.000000000000000000e+00 1.396936974735938850e-02 4.622320488199819404e-04 1.671115011365669964e-02 9.184842244620614049e-03 7.146146362365434022e-04 5.714846604368754683e-04 3.312057634810680346e-03 9.882965399867341182e-05 8.931940530438520394e-05 -6.167785197581075914e-03 -8.734306105060271955e-03 -6.284412492855966093e-02 7.503663547692513347e-04 -1.045126634511753527e-01 0.000000000000000000e+00 4.622320488199819404e-04 -1.050927689172065360e-01 1.181301198000687296e-03 0.000000000000000000e+00 8.525670703646008827e-06 -4.493725569641166419e-06 5.672848188580153218e-06 -7.598526922418913067e-06 7.725746911423406375e-06 -5.165695640176388992e-03 -1.065933506158100140e-02 -7.540333958908645995e-02 3.270521639536786893e-04 -1.295576422345709466e-01 0.000000000000000000e+00 1.671115011365669964e-02 1.181301198000687296e-03 -1.146973315695105078e-01 2.770129146247779159e-04 2.675498581785136130e-04 1.175172097541929066e-05 4.945097189029437105e-06 3.311868472036704464e-06 0.000000000000000000e+00 -1.664643057957279106e-03 -8.366050157791730946e-03 -5.628482843919897782e-02 -3.858983638116999203e-04 -1.009551295306251317e-01 0.000000000000000000e+00 9.184842244620614049e-03 0.000000000000000000e+00 2.770129146247779159e-04 -9.232642533604579205e-02 2.849977920938298668e-04 2.827616743976867281e-05 2.230977431125840088e-05 -1.195317872799385148e-05 1.215330742160385137e-05 -1.531216263491991367e-05 -1.533479424315834340e-03 -9.852486353260027710e-03 -1.753956067550423246e-04 -1.822843156216812435e-02 0.000000000000000000e+00 7.146146362365434022e-04 8.525670703646008827e-06 2.675498581785136130e-04 2.849977920938298668e-04 -1.813490584519570833e-02 2.958607537054796908e-05 2.298415854892825078e-05 7.696563600747789719e-06 1.956356247538372257e-06 1.775567578573715227e-04 -2.031035030832757399e-03 -1.269600752506698342e-02 -3.235673914654928619e-04 -2.410251124084434454e-02 0.000000000000000000e+00 5.714846604368754683e-04 -4.493725569641166419e-06 1.175172097541929066e-05 2.827616743976867281e-05 2.958607537054796908e-05 -2.364572801076263164e-02 5.754402165547164939e-05 0.000000000000000000e+00 2.062319411217890267e-06 -1.426386356224666600e-04 -5.101766345922086748e-03 -3.383785264425609451e-02 -4.668219942577653877e-04 -6.231752257720225840e-02 0.000000000000000000e+00 3.312057634810680346e-03 5.672848188580153218e-06 4.945097189029437105e-06 2.230977431125840088e-05 2.298415854892825078e-05 5.754402165547164939e-05 -5.905507904529214841e-02 -2.560586632915707301e-06 5.206915622635721297e-06 8.188203654556266411e-05 -9.286671260854913222e-04 -5.352931088488653913e-03 -1.042145371962536013e-04 -1.015383663007383627e-02 0.000000000000000000e+00 9.882965399867341182e-05 -7.598526922418913067e-06 3.311868472036704464e-06 -1.195317872799385148e-05 7.696563600747789719e-06 0.000000000000000000e+00 -2.560586632915707301e-06 -1.012874591549391481e-02 1.046164657314682997e-05 2.081324108612743430e-04 -9.620309248438471249e-04 -5.842531400838481097e-03 -3.973476440350639019e-05 -1.129689098153593280e-02 0.000000000000000000e+00 8.931940530438520394e-05 7.725746911423406375e-06 0.000000000000000000e+00 1.215330742160385137e-05 1.956356247538372257e-06 2.062319411217890267e-06 5.206915622635721297e-06 1.046164657314682997e-05 -1.113791457174723512e-02
-2.048954073055375691e-02 -4.015839548532593173e-01 -1.118063162718714457e-03 -2.786552588838374089e-01 0.000000000000000000e+00 -3.888331867256977076e-02 1.747730330551988199e-03 -5.321226444971908359e-03 -8.750055880298781424e-03 -9.084194973424008362e-03 -1.898708166730069240e-03 -2.711775938185310725e-03 -6.276099967388532389e-03 -1.146348511637877189e-03 -1.304296441397319230e-03 -4.015839548532593173e-01 -3.926768701460641164e+00 0.000000000000000000e+00 -1.693058279021047996e-01 0.000000000000000000e+00 -3.521672168558314664e-01 1.121995834900964273e-02 -8.229657307879012507e-02 -9.826891752009912773e-02 -7.340140357420189832e-02 -1.281831518787082159e-02 -1.674567658074355148e-02 -4.390135347926801129e-02 -7.008808498758425237e-03 -7.660616623756559725e-03 -1.118063162718714457e-03 0.000000000000000000e+00 -2.943628300850958945e-01 -2.134505441753539051e-04 0.000000000000000000e+00 1.081909394794330946e-03 -5.397901673276889840e-04 0.000000000000000000e+00 1.085330544643201922e-04 9.792923608386077067e-05 0.000000000000000000e+00 0.000000000000000000e+00 -4.195641989368393291e-05 0.000000000000000000e+00 5.713967140184333162e-05 -2.786552588838374089e-01 -1.693058279021047996e-01 -2.134505441753539051e-04 2.308956209531943041e-03 0.000000000000000000e+00 -8.359518945887173952e-03 3.336609259363882730e-04 -1.096689287739675053e-03 -1.861681548659401778e-03 -2.133790952841164469e-03 -4.384890168876058114e-04 -6.471347829309857238e-04 -1.439367815628109963e-03 -2.865899772896974272e-04 -2.648984293567092680e-04 0.000000000000000000e+00 0.000000000000000000e+00 0.000000000000000000e+00 0.000000000000000000e+00 6.354393444486462674e-04 0.000000000000000000e+00 0.000000000000000000e+00 0.000000000000000000e+00 0.000000000000000000e+00 0.000000000000000000e+00 0.000000000000000000e+00 0.000000000000000000e+00 0.000000000000000000e+00 0.000000000000000000e+00 0.000000000000000000e+00 -3.888331867256977076e-02 -3.521672168558314664e-01 1.081909394794330946e-03 -8.359518945887173952e-03 0.000000000000000000e+00 -5.257845349242645794e-01 1.888524088280617644e-02 -1.169288166381036304e-01 -1.445190049566735524e-01 -1.119899983427610352e-01 -2.015115737640010840e-02 -2.660533426872523088e-02 -6.881595103178628214e-02 -1.126887727451775754e-02 -1.239742596065721535e-02 1.747730330551988199e-03 1.121995834900964273e-02 -5.397901673276889840e-04 3.336609259363882730e-04 0.000000000000000000e+00 1.888524088280617644e-02 1.603196125368091043e-02 4.379040462505092010e-04 1.836529949038921694e-02 1.021813699714043365e-02 7.885402882610134841e-04 5.974612359112788790e-04 3.639984133306787238e-03 8.784858133215414384e-05 1.116492566304815015e-04 -5.321226444971908359e-03 -8.229657307879012507e-02 0.000000000000000000e+00 -1.096689287739675053e-03 0.000000000000000000e+00 -1.169288166381036304e-01 4.379040462505092010e-04 -1.176987387157757969e-01 1.115265727304996660e-03 1.324082681351460311e-05 8.525670703646008827e-06 0.000000000000000000e+00 -1.134569637716030644e-05 0.000000000000000000e+00 -7.725746911423406375e-06 -8.750055880298781424e-03 -9.826891752009912773e-02 1.085330544643201922e-04 -1.861681548659401778e-03 0.000000000000000000e+00 -1.445190049566735524e-01 1.836529949038921694e-02 1.115265727304996660e-03 -1.277025310671500991e-01 2.885551194008103290e-04 2.749817986834723741e-04 7.834480650279527670e-06 1.978038875611774842e-05 -6.623736944073408928e-06 0.000000000000000000e+00 -9.084194973424008362e-03 -7.340140357420189832e-02 9.792923608386077067e-05 -2.133790952841164469e-03 0.000000000000000000e+00 -1.119899983427610352e-01 1.021813699714043365e-02 1.324082681351460311e-05 2.885551194008103290e-04 -1.021664077622089217e-01 2.816448768927259688e-04 2.827616743976867281e-05 8.923909724503360690e-06 -5.976589363996925740e-06 6.076653710801925683e-06 -1.898708166730069240e-03 -1.281831518787082159e-02 0.000000000000000000e+00 -4.384890168876058114e-04 0.000000000000000000e+00 -2.015115737640010840e-02 7.885402882610134841e-04 8.525670703646008827e-06 2.749817986834723741e-04 2.816448768927259688e-04 -1.998869622048238259e-02 2.731022341896735555e-05 2.298415854892825078e-05 -3.848281800373894859e-06 0.000000000000000000e+00 -2.711775938185310725e-03 -1.674567658074355148e-02 0.000000000000000000e+00 -6.471347829309857238e-04 0.000000000000000000e+00 -2.660533426872523088e-02 5.974612359112788790e-04 0.000000000000000000e+00 7.834480650279527670e-06 2.827616743976867281e-05 2.731022341896735555e-05 -2.603365224778025899e-02 4.240085806192647814e-05 4.056718333756310597e-06 8.249277644871561067e-06 -6.276099967388532389e-03 -4.390135347926801129e-02 -4.195641989368393291e-05 -1.439367815628109963e-03 0.000000000000000000e+00 -6.881595103178628214e-02 3.639984133306787238e-03 -1.134569637716030644e-05 1.978038875611774842e-05 8.923909724503360690e-06 2.298415854892825078e-05 4.240085806192647814e-05 -6.525651231030987764e-02 5.121173265831414602e-06 -5.206915622635721297e-06 -1.146348511637877189e-03 -7.008808498758425237e-03 0.000000000000000000e+00 -2.865899772896974272e-04 0.000000000000000000e+00 -1.126887727451775754e-02 8.784858133215414384e-05 0.000000000000000000e+00 -6.623736944073408928e-06 -5.976589363996925740e-06 -3.848281800373894859e-06 4.056718333756310597e-06 5.121173265831414602e-06 -1.115253867663447591e-02 -3.487215524382276375e-06 -1.304296441397319230e-03 -7.660616623756559725e-03 5.713967140184333162e-05 -2.648984293567092680e-04 0.000000000000000000e+00 -1.239742596065721535e-02 1.116492566304815015e-04 -7.725746911423406375e-06 0.000000000000000000e+00 6.076653710801925683e-06 0.000000000000000000e+00 8.249277644871561067e-06 -5.206915622635721297e-06 -3.487215524382276375e-06 -1.223941461216196749e-02
-1.245300708712101211e-02 -2.590774264296374363e-01 1.118063162718714511e-04 -1.817271833420263938e-01 0.000000000000000000e+00 0.000000000000000000e+00 1.136024714858792188e-03 -5.321226444971908359e-03 -7.458631970254683309e-03 -6.444546695806037569e-03 -1.270909498698352767e-03 -1.694859961365819149e-03 -4.279159068673999040e-03 -7.232913228191368031e-04 -8.325296434450973719e-04 -2.590774264296374363e-01 -3.638169105104050782e+00 0.000000000000000000e+00 -1.095430002857171736e-01 0.000000000000000000e+00 0.000000000000000000e+00 6.956374176385979151e-03 -5.225056007738278913e-02 -6.290699644279072744e-02 -4.702086585036228256e-02 -8.257196900162185743e-03 -1.073547087725885973e-02 -2.815128506775469580e-02 -4.485637439205392325e-03 -4.899231561704776861e-03 1.118063162718714511e-04 0.000000000000000000e+00 -1.880438256317850665e-01 5.336263604383848034e-04 0.000000000000000000e+00 0.000000000000000000e+00 -8.996502788794817304e-05 6.225272405008385889e-05 1.085330544643201922e-04 2.448230902096519267e-05 0.000000000000000000e+00 4.985343269005359861e-05 8.391283978736786581e-05 4.214906368888704231e-05 4.285475355138250041e-05 -1.817271833420263938e-01 -1.095430002857171736e-01 5.336263604383848034e-04 3.958210644911902727e-03 0.000000000000000000e+00 0.000000000000000000e+00 0.000000000000000000e+00 -1.125549532153876948e-03 -1.710734396065396188e-03 -1.543593455246799681e-03 -3.800238146359250727e-04 -4.314231886206571854e-04 -1.050349487079972177e-03 -1.172413543457853099e-04 -2.648984293567092680e-04 0.000000000000000000e+00 0.000000000000000000e+00 0.000000000000000000e+00 0.000000000000000000e+00 6.354393444486462674e-04 0.000000000000000000e+00 0.000000000000000000e+00 0.000000000000000000e+00 0.000000000000000000e+00 0.000000000000000000e+00 0.000000000000000000e+00 0.000000000000000000e+00 0.000000000000000000e+00 0.000000000000000000e+00 0.000000000000000000e+00 0.000000000000000000e+00 0.000000000000000000e+00 0.000000000000000000e+00 0.000000000000000000e+00 0.000000000000000000e+00 5.649547295031496184e-04 0.000000000000000000e+00 0.000000000000000000e+00 0.000000000000000000e+00 0.000000000000000000e+00 0.000000000000000000e+00 0.000000000000000000e+00 0.000000000000000000e+00 0.000000000000000000e+00 0.000000000000000000e+00 1.136024714858792188e-03 6.956374176385979151e-03 -8.996502788794817304e-05 0.000000000000000000e+00 0.000000000000000000e+00 0.000000000000000000e+00 1.307870523326600497e-02 1.702960179863091217e-04 1.160025268041905457e-02 6.601605363321065914e-03 4.558748541508983866e-04 4.156252075904548959e-04 2.410259763946386285e-03 6.588643599911560788e-05 3.349477698914444639e-05 -5.321226444971908359e-03 -5.225056007738278913e-02 6.225272405008385889e-05 -1.125549532153876948e-03 0.000000000000000000e+00 0.000000000000000000e+00 1.702960179863091217e-04 -7.811604966208890444e-02 3.888755496524001526e-04 1.324082681351460311e-05 0.000000000000000000e+00 0.000000000000000000e+00 5.672848188580153218e-06 7.598526922418913067e-06 3.862873455711703188e-06 -7.458631970254683309e-03 -6.290699644279072744e-02 1.085330544643201922e-04 -1.710734396065396188e-03 0.000000000000000000e+00 0.000000000000000000e+00 1.160025268041905457e-02 3.888755496524001526e-04 -8.468303672889247735e-02 1.442775597004051645e-04 1.486388100991742475e-04 7.834480650279527670e-06 4.945097189029437105e-06 0.000000000000000000e+00 -3.367318149967529328e-06 -6.444546695806037569e-03 -4.702086585036228256e-02 2.448230902096519267e-05 -1.543593455246799681e-03 0.000000000000000000e+00 0.000000000000000000e+00 6.601605363321065914e-03 1.324082681351460311e-05 1.442775597004051645e-04 -6.686987528099046230e-02 1.542340992507784951e-04 3.534520929971084102e-06 -8.923909724503360690e-06 0.000000000000000000e+00 3.038326855400962841e-06 -1.270909498698352767e-03 -8.257196900162185743e-03 0.000000000000000000e+00 -3.800238146359250727e-04 0.000000000000000000e+00 0.000000000000000000e+00 4.558748541508983866e-04 0.000000000000000000e+00 1.486388100991742475e-04 1.542340992507784951e-04 -1.292184005382278345e-02 2.048266756422551836e-05 2.298415854892825078e-05 -1.924140900186947430e-06 -5.869068742615116770e-06 -1.694859961365819149e-03 -1.073547087725885973e-02 4.985343269005359861e-05 -4.314231886206571854e-04 0.000000000000000000e+00 0.000000000000000000e+00 4.156252075904548959e-04 0.000000000000000000e+00 7.834480650279527670e-06 3.534520929971084102e-06 2.048266756422551836e-05 -1.671866848596467725e-02 3.331495990579937810e-05 4.056718333756310597e-06 1.237391646730734075e-05 -4.279159068673999040e-03 -2.815128506775469580e-02 8.391283978736786581e-05 -1.050349487079972177e-03 0.000000000000000000e+00 0.000000000000000000e+00 2.410259763946386285e-03 5.672848188580153218e-06 4.945097189029437105e-06 -8.923909724503360690e-06 2.298415854892825078e-05 3.331495990579937810e-05 -4.225156535863806156e-02 -1.024234653166282920e-05 -7.810373433953581523e-06 -7.232913228191368031e-04 -4.485637439205392325e-03 4.214906368888704231e-05 -1.172413543457853099e-04 0.000000000000000000e+00 0.000000000000000000e+00 6.588643599911560788e-05 7.598526922418913067e-06 0.000000000000000000e+00 0.000000000000000000e+00 -1.924140900186947430e-06 4.056718333756310597e-06 -1.024234653166282920e-05 -7.115674087480572049e-03 -3.487215524382276375e-06 -8.325296434450973719e-04 -4.899231561704776861e-03 4.285475355138250041e-05 -2.648984293567092680e-04 0.000000000000000000e+00 0.000000000000000000e+00 3.349477698914444639e-05 3.862873455711703188e-06 -3.367318149967529328e-06 3.038326855400962841e-06 -5.869068742615116770e-06 1.237391646730734075e-05 -7.810373433953581523e-06 -3.487215524382276375e-06 -7.860006457916488692e-03
-1.851153983741337328e+00 -8.366332392776235083e-02 2.527940810907013391e-01 2.256817331064412402e-01 -1.225983180812983617e-02 0.000000000000000000e+00 -6.117056156931957936e-04 -6.167785197581075914e-03 -5.165695640176388992e-03 -1.664643057957279106e-03 -1.531216263491991367e-05 1.775567578573715227e-04 -1.426386356224666600e-04 8.188203654556266411e-05 2.081324108612743430e-04 -8.366332392776235083e-02 -3.688656131265687366e-01 -2.239431354006909264e-02 -2.049771815795922714e-02 -3.935241033713600400e-02 0.000000000000000000e+00 5.609979174504821581e-04 -8.734306105060271955e-03 -1.065933506158100140e-02 -8.366050157791730946e-03 -1.533479424315834340e-03 -2.031035030832757399e-03 -5.101766345922086748e-03 -9.286671260854913222e-04 -9.620309248438471249e-04 2.527940810907013391e-01 -2.239431354006909264e-02 -2.540414147909839215e+00 -1.278568759610369809e-01 -2.705990751311234122e-01 0.000000000000000000e+00 8.816572733018921554e-03 -6.284412492855966093e-02 -7.540333958908645995e-02 -5.628482843919897782e-02 -9.852486353260027710e-03 -1.269600752506698342e-02 -3.383785264425609451e-02 -5.352931088488653913e-03 -5.842531400838481097e-03 2.256817331064412402e-01 -2.049771815795922714e-02 -1.278568759610369809e-01 2.638807096607935151e-03 -5.319401399186314289e-04 0.000000000000000000e+00 4.170761574204853413e-04 7.503663547692513347e-04 3.270521639536786893e-04 -3.858983638116999203e-04 -1.753956067550423246e-04 -3.235673914654928619e-04 -4.668219942577653877e-04 -1.042145371962536013e-04 -3.973476440350639019e-05 -1.225983180812983617e-02 -3.935241033713600400e-02 -2.705990751311234122e-01 -5.319401399186314289e-04 -4.851579394865414563e-01 0.000000000000000000e+00 1.733827735461865999e-02 -1.045126634511753527e-01 -1.295576422345709466e-01 -1.009551295306251317e-01 -1.822843156216812435e-02 -2.410251124084434454e-02 -6.231752257720225840e-02 -1.015383663007383627e-02 -1.129689098153593280e-02 0.000000000000000000e+00 0.000000000000000000e+00 0.000000000000000000e+00 0.000000000000000000e+00 0.000000000000000000e+00 3.766364863354330428e-04 0.000000000000000000e+00 0.000000000000000000e+00 0.000000000000000000e+00 0.000000000000000000e+00 0.000000000000000000e+00 0.000000000000000000e+00 0.000000000000000000e+00 0.000000000000000000e+00 0.000000000000000000e+00 -6.117056156931957936e-04 5.609979174504821581e-04 8.816572733018921554e-03 4.170761574204853413e-04 1.733827735461865999e-02 0.000000000000000000e+00 1.396936974735938850e-02 4.622320488199819404e-04 1.671115011365669964e-02 9.184842244620614049e-03 7.146146362365434022e-04 5.714846604368754683e-04 3.312057634810680346e-03 9.882965399867341182e-05 8.931940530438520394e-05 -6.167785197581075914e-03 -8.734306105060271955e-03 -6.284412492855966093e-02 7.503663547692513347e-04 -1.045126634511753527e-01 0.000000000000000000e+00 4.622320488199819404e-04 -1.050927689172065360e-01 1.181301198000687296e-03 0.000000000000000000e+00 8.525670703646008827e-06 -4.493725569641166419e-06 5.672848188580153218e-06 -7.598526922418913067e-06 7.725746911423406375e-06 -5.165695640176388992e-03 -1.065933506158100140e-02 -7.540333958908645995e-02 3.270521639536786893e-04 -1.295576422345709466e-01 0.000000000000000000e+00 1.671115011365669964e-02 1.181301198000687296e-03 -1.146973315695105078e-01 2.770129146247779159e-04 2.675498581785136130e-04 1.175172097541929066e-05 4.945097189029437105e-06 3.311868472036704464e-06 0.000000000000000000e+00 -1.664643057957279106e-03 -8.366050157791730946e-03 -5.628482843919897782e-02 -3.858983638116999203e-04 -1.009551295306251317e-01 0.000000000000000000e+00 9.184842244620614049e-03 0.000000000000000000e+00 2.770129146247779159e-04 -9.232642533604579205e-02 2.849977920938298668e-04 2.827616743976867281e-05 2.230977431125840088e-05 -1.195317872799385148e-05 1.215330742160385137e-05 -1.531216263491991367e-05 -1.533479424315834340e-03 -9.852486353260027710e-03 -1.753956067550423246e-04 -1.822843156216812435e-02 0.000000000000000000e+00 7.146146362365434022e-04 8.525670703646008827e-06 2.675498581785136130e-04 2.849977920938298668e-04 -1.813490584519570833e-02 2.958607537054796908e-05 2.298415854892825078e-05 7.696563600747789719e-06 1.956356247538372257e-06 1.775567578573715227e-04 -2.031035030832757399e-03 -1.269600752506698342e-02 -3.235673914654928619e-04 -2.410251124084434454e-02 0.000000000000000000e+00 5.714846604368754683e-04 -4.493725569641166419e-06 1.175172097541929066e-05 2.827616743976867281e-05 2.958607537054796908e-05 -2.364572801076263164e-02 5.754402165547164939e-05 0.000000000000000000e+00 2.062319411217890267e-06 -1.426386356224666600e-04 -5.101766345922086748e-03 -3.383785264425609451e-02 -4.668219942577653877e-04 -6.231752257720225840e-02 0.000000000000000000e+00 3.312057634810680346e-03 5.672848188580153218e-06 4.945097189029437105e-06 2.230977431125840088e-05 2.298415854892825078e-05 5.754402165547164939e-05 -5.905507904529214841e-02 -2.560586632915707301e-06 5.206915622635721297e-06 8.188203654556266411e-05 -9.286671260854913222e-04 -5.352931088488653913e-03 -1.042145371962536013e-04 -1.015383663007383627e-02 0.000000000000000000e+00 9.882965399867341182e-05 -7.598526922418913067e-06 3.311868472036704464e-06 -1.195317872799385148e-05 7.696563600747789719e-06 0.000000000000000000e+00 -2.560586632915707301e-06 -1.012874591549391481e-02 1.046164657314682997e-05 2.081324108612743430e-04 -9.620309248438471249e-04 -5.842531400838481097e-03 -3.973476440350639019e-05 -1.129689098153593280e-02 0.000000000000000000e+00 8.931940530438520394e-05 7.725746911423406375e-06 0.000000000000000000e+00 1.215330742160385137e-05 1.956356247538372257e-06 2.062319411217890267e-06 5.206915622635721297e-06 1.046164657314682997e-05 -1.113791457174723512e-02
-1.851479789159314437e+00 -8.561546815274347078e-02 2.576017526903918164e-01 2.314870509998545045e-01 0.000000000000000000e+00 -1.453745698118599598e-02 -2.621595495827981973e-04 -6.560830332721046161e-03 -5.534673900188987958e-03 -1.831107363753007103e-03 -1.531216263491991367e-05 1.775567578573715227e-04 -2.037694794606666378e-04 1.364700609092711159e-04 1.387549405741829044e-04 -8.561546815274347078e-02 -3.841430111140143877e-01 -2.225076024814557490e-02 -2.063082022392000170e-02 0.000000000000000000e+00 -4.047899044319902551e-02 8.975966679207714963e-04 -9.044859211017971037e-03 -1.096388749191188651e-02 -8.518715306656543529e-03 -1.592459402174135853e-03 -1.989585336325966521e-03 -5.284906676288520649e-03 -8.410570198510110068e-04 -8.729539873583056723e-04 2.576017526903918164e-01 -2.225076024814557490e-02 -2.556068479853884856e+00 -1.311653593957549657e-01 0.000000000000000000e+00 -2.782310326946088042e-01 9.086467816682765666e-03 -6.452494847791193089e-02 -7.735693456944421620e-02 -5.777824928947785516e-02 -1.004165409124261991e-02 -1.317792404107083482e-02 -3.463502462223608941e-02 -5.507477655347906356e-03 -6.056805168595393030e-03 2.314870509998545045e-01 -2.063082022392000170e-02 -1.311653593957549657e-01 3.100598338514323760e-03 0.000000000000000000e+00 -5.015711367532304024e-04 8.341523148409706826e-05 6.926458659408474359e-04 3.270521639536786893e-04 -4.085982675653293560e-04 -1.461630056292019552e-04 -2.619355073768275962e-04 -4.862729106851722337e-04 -1.563218057943804222e-04 -1.192042932105191706e-04 0.000000000000000000e+00 0.000000000000000000e+00 0.000000000000000000e+00 0.000000000000000000e+00 -1.059065574081077203e-04 0.000000000000000000e+00 0.000000000000000000e+00 0.000000000000000000e+00 0.000000000000000000e+00 0.000000000000000000e+00 0.000000000000000000e+00 0.000000000000000000e+00 0.000000000000000000e+00 0.000000000000000000e+00 0.000000000000000000e+00 -1.453745698118599598e-02 -4.047899044319902551e-02 -2.782310326946088042e-01 -5.015711367532304024e-04 0.000000000000000000e+00 -4.916047737893239900e-01 1.663028674754573819e-02 -1.067865339605700431e-01 -1.324474174838219942e-01 -1.034756902495785197e-01 -1.864475958233098238e-02 -2.460082278272538586e-02 -6.398503183327979016e-02 -1.056457244486039802e-02 -1.152468297786726770e-02 -2.621595495827981973e-04 8.975966679207714963e-04 9.086467816682765666e-03 8.341523148409706826e-05 0.000000000000000000e+00 1.663028674754573819e-02 1.509441965989840109e-02 4.865600513894546798e-04 1.709287689290266490e-02 9.510138740784259900e-03 7.392565202447000600e-04 5.455080849624720576e-04 3.426831909284317954e-03 6.588643599911560788e-05 1.339791079565777856e-04 -6.560830332721046161e-03 -9.044859211017971037e-03 -6.452494847791193089e-02 6.926458659408474359e-04 0.000000000000000000e+00 -1.067865339605700431e-01 4.865600513894546798e-04 -1.075561656416988143e-01 1.269348492261607999e-03 1.324082681351460311e-05 1.278850605546901409e-05 4.493725569641166419e-06 0.000000000000000000e+00 3.799263461209456534e-06 7.725746911423406375e-06 -5.534673900188987958e-03 -1.096388749191188651e-02 -7.735693456944421620e-02 3.270521639536786893e-04 0.000000000000000000e+00 -1.324474174838219942e-01 1.709287689290266490e-02 1.269348492261607999e-03 -1.172749194699443248e-01 2.712418122367617093e-04 2.712658284309929935e-04 2.742068227597834769e-05 2.472548594514718722e-05 -6.623736944073408928e-06 0.000000000000000000e+00 -1.831107363753007103e-03 -8.518715306656543529e-03 -5.777824928947785516e-02 -4.085982675653293560e-04 0.000000000000000000e+00 -1.034756902495785197e-01 9.510138740784259900e-03 1.324082681351460311e-05 2.712418122367617093e-04 -9.460720446957522622e-02 2.849977920938298668e-04 2.120712557982650461e-05 3.123368403576175988e-05 -2.988294681998462870e-06 6.076653710801925683e-06 -1.531216263491991367e-05 -1.592459402174135853e-03 -1.004165409124261991e-02 -1.461630056292019552e-04 0.000000000000000000e+00 -1.864475958233098238e-02 7.392565202447000600e-04 1.278850605546901409e-05 2.712658284309929935e-04 2.849977920938298668e-04 -1.854222158759177147e-02 3.186192732212858261e-05 2.585717836754428256e-05 -3.848281800373894859e-06 0.000000000000000000e+00 1.775567578573715227e-04 -1.989585336325966521e-03 -1.317792404107083482e-02 -2.619355073768275962e-04 0.000000000000000000e+00 -2.460082278272538586e-02 5.455080849624720576e-04 4.493725569641166419e-06 2.742068227597834769e-05 2.120712557982650461e-05 3.186192732212858261e-05 -2.422791449587610724e-02 4.542949078063551375e-05 1.014179583439077692e-05 2.062319411217890267e-06 -2.037694794606666378e-04 -5.284906676288520649e-03 -3.463502462223608941e-02 -4.862729106851722337e-04 0.000000000000000000e+00 -6.398503183327979016e-02 3.426831909284317954e-03 0.000000000000000000e+00 2.472548594514718722e-05 3.123368403576175988e-05 2.585717836754428256e-05 4.542949078063551375e-05 -6.058695795703717552e-02 0.000000000000000000e+00 7.810373433953581523e-06 1.364700609092711159e-04 -8.410570198510110068e-04 -5.507477655347906356e-03 -1.563218057943804222e-04 0.000000000000000000e+00 -1.056457244486039802e-02 6.588643599911560788e-05 3.799263461209456534e-06 -6.623736944073408928e-06 -2.988294681998462870e-06 -3.848281800373894859e-06 1.014179583439077692e-05 0.000000000000000000e+00 -1.041513350529370448e-02 -1.743607762191138188e-06 1.387549405741829044e-04 -8.729539873583056723e-04 -6.056805168595393030e-03 -1.192042932105191706e-04 0.000000000000000000e+00 -1.152468297786726770e-02 1.339791079565777856e-04 7.725746911423406375e-06 0.000000000000000000e+00 6.076653710801925683e-06 0.000000000000000000e+00 2.062319411217890267e-06 7.810373433953581523e-06 -1.743607762191138188e-06 -1.136187836751825601e-02
