2.467638238071019618e-02 1.332906075803196588e-01 1.224878932710903512e-03 -1.491778707560755257e-01 0.000000000000000000e+00 0.000000000000000000e+00 0.000000000000000000e+00 1.060395033657701887e-02 6.690596838624587352e-03 5.514777280772441975e-03 6.076167484461344678e-03 1.332906075803196588e-01 -1.484819501319590423e-02 5.879978620566095153e-04 7.779019281296803423e-02 0.000000000000000000e+00 0.000000000000000000e+00 1.989372222590577325e-05 4.752593128677627676e-02 3.929016293820758454e-02 3.393415093408875399e-02 3.686715029276120548e-02 1.224878932710903512e-03 5.879978620566095153e-04 -1.602453690380796769e-01 -5.749769797799411447e-04 0.000000000000000000e+00 0.000000000000000000e+00 -3.164345718514553757e-05 -1.718089705499363366e-04 -1.499902219943807422e-04 -7.177728433272477818e-05 -1.472179599163361667e-04 -1.491778707560755257e-01 7.779019281296803423e-02 -5.749769797799411447e-04 5.278542839235727136e-04 0.000000000000000000e+00 0.000000000000000000e+00 -1.556254953992489888e-05 5.678216268094287908e-03 4.401407155014113934e-03 3.718344907846143910e-03 4.102846630222489917e-03 0.000000000000000000e+00 0.000000000000000000e+00 0.000000000000000000e+00 0.000000000000000000e+00 6.953778159649591810e-04 0.000000000000000000e+00 0.000000000000000000e+00 0.000000000000000000e+00 0.000000000000000000e+00 0.000000000000000000e+00 0.000000000000000000e+00 0.000000000000000000e+00 0.000000000000000000e+00 0.000000000000000000e+00 0.000000000000000000e+00 0.000000000000000000e+00 5.429211515768243628e-04 0.000000000000000000e+00 0.000000000000000000e+00 0.000000000000000000e+00 0.000000000000000000e+00 0.000000000000000000e+00 0.000000000000000000e+00 1.989372222590577325e-05 -3.164345718514553757e-05 -1.556254953992489888e-05 0.000000000000000000e+00 0.000000000000000000e+00 -1.766477755133803585e-05 2.325124056801552360e-06 1.691538924150533193e-06 6.475839222275322218e-06 -3.320548582718213698e-06 1.060395033657701887e-02 4.752593128677627676e-02 -1.718089705499363366e-04 5.678216268094287908e-03 0.000000000000000000e+00 0.000000000000000000e+00 2.325124056801552360e-06 -8.193689497616432615e-02 5.143182469655407143e-05 -7.032147364405663826e-06 -7.211601821126897663e-06 6.690596838624587352e-03 3.929016293820758454e-02 -1.499902219943807422e-04 4.401407155014113934e-03 0.000000000000000000e+00 0.000000000000000000e+00 1.691538924150533193e-06 5.143182469655407143e-05 -7.155892962570126192e-02 2.046368399562777668e-05 1.573942493549130447e-05 5.514777280772441975e-03 3.393415093408875399e-02 -7.177728433272477818e-05 3.718344907846143910e-03 0.000000000000000000e+00 0.000000000000000000e+00 6.475839222275322218e-06 -7.032147364405663826e-06 2.046368399562777668e-05 -6.243903812712663787e-02 2.008545470598587152e-05 6.076167484461344678e-03 3.686715029276120548e-02 -1.472179599163361667e-04 4.102846630222489917e-03 0.000000000000000000e+00 0.000000000000000000e+00 -3.320548582718213698e-06 -7.211601821126897663e-06 1.573942493549130447e-05 2.008545470598587152e-05 -6.769882091040732575e-02
-1.838885429129857974e+00 -7.364586091097494180e-02 2.071158922583891671e-01 1.846651175438644155e-01 -1.738057145687279745e-02 0.000000000000000000e+00 -7.534783502439047591e-06 -8.803897038701290201e-03 -3.904832318627873226e-03 -2.666235296902378857e-03 -3.131563241991616384e-03 -7.364586091097494180e-02 -3.086699461249439169e-01 -2.057992517198133434e-02 -1.850770386628235870e-02 -3.441680778670763025e-02 0.000000000000000000e+00 1.989372222590577325e-05 -9.807624001907468136e-03 -8.643835846405668530e-03 -7.581033719317700065e-03 -8.298965212345410514e-03 2.071158922583891671e-01 -2.057992517198133434e-02 -2.482984846367034759e+00 -1.083256629905409163e-01 -2.255348802384562756e-01 0.000000000000000000e+00 1.582172859257276879e-05 -6.848305566120461985e-02 -5.629632998855756826e-02 -4.854536997036618812e-02 -5.282671128331196259e-02 1.846651175438644155e-01 -1.850770386628235870e-02 -1.083256629905409163e-01 9.425969355778084481e-04 -3.365466691605545520e-03 0.000000000000000000e+00 2.334382430988734663e-05 -3.379890635770409630e-05 -1.032732405087110521e-03 -1.035488455349559047e-03 -1.013644461584379836e-03 -1.738057145687279745e-02 -3.441680778670763025e-02 -2.255348802384562756e-01 -3.365466691605545520e-03 -4.063324371288578596e-01 0.000000000000000000e+00 1.929334508687126218e-05 -1.151452856904704725e-01 -1.013882307083047024e-01 -8.851868358654077507e-02 -9.610338467072720992e-02 0.000000000000000000e+00 0.000000000000000000e+00 0.000000000000000000e+00 0.000000000000000000e+00 0.000000000000000000e+00 9.048685859613739019e-04 0.000000000000000000e+00 0.000000000000000000e+00 0.000000000000000000e+00 0.000000000000000000e+00 0.000000000000000000e+00 -7.534783502439047591e-06 1.989372222590577325e-05 1.582172859257276879e-05 2.334382430988734663e-05 1.929334508687126218e-05 0.000000000000000000e+00 -4.460802411954049722e-06 -4.650248113603104721e-06 1.691538924150533193e-06 1.618959805568830554e-06 4.980822874077320123e-06 -8.803897038701290201e-03 -9.807624001907468136e-03 -6.848305566120461985e-02 -3.379890635770409630e-05 -1.151452856904704725e-01 0.000000000000000000e+00 -4.650248113603104721e-06 -1.148274600740370882e-01 1.322532635054247648e-04 0.000000000000000000e+00 1.442320364225379533e-05 -3.904832318627873226e-03 -8.643835846405668530e-03 -5.629632998855756826e-02 -1.032732405087110521e-03 -1.013882307083047024e-01 0.000000000000000000e+00 1.691538924150533193e-06 1.322532635054247648e-04 -1.018131655961311971e-01 5.627513098797639181e-05 4.197179982797680741e-05 -2.666235296902378857e-03 -7.581033719317700065e-03 -4.854536997036618812e-02 -1.035488455349559047e-03 -8.851868358654077507e-02 0.000000000000000000e+00 1.618959805568830554e-06 0.000000000000000000e+00 5.627513098797639181e-05 -8.877520289132874443e-02 4.017090941197174305e-05 -3.131563241991616384e-03 -8.298965212345410514e-03 -5.282671128331196259e-02 -1.013644461584379836e-03 -9.610338467072720992e-02 0.000000000000000000e+00 4.980822874077320123e-06 1.442320364225379533e-05 4.197179982797680741e-05 4.017090941197174305e-05 -9.629916964289229886e-02
-2.920156424995218325e-02 -3.365867863687904138e-01 2.004347344436024046e-03 -2.392103301991695685e-01 0.000000000000000000e+00 -2.351625269226536100e-02 3.013913400975619036e-05 -3.403737145074104634e-03 -6.904886417085873487e-03 -6.563040730836624745e-03 -6.777263732668423711e-03 -3.365867863687904138e-01 -3.897373942509321676e+00 -5.879978620566095153e-04 -1.437238878365989514e-01 0.000000000000000000e+00 -2.939715447534865800e-01 1.989372222590577325e-05 -8.978080473992827715e-02 -7.348832075962347110e-02 -6.347611566571566277e-02 -6.916832716014278959e-02 2.004347344436024046e-03 -5.879978620566095153e-04 -2.488635522074846562e-01 -9.199631676479058532e-04 0.000000000000000000e+00 1.511633296042231818e-03 4.746518577771830974e-05 -6.872358821997453192e-05 -2.499837033239678675e-04 -1.914060915539327328e-04 -3.435085731381177132e-04 -2.392103301991695685e-01 -1.437238878365989514e-01 -9.199631676479058532e-04 6.108028142544199256e-03 0.000000000000000000e+00 -7.434354570745362219e-03 0.000000000000000000e+00 -1.081565003446531082e-03 -1.868753875871914400e-03 -1.835638625392400306e-03 -1.882482571513848391e-03 0.000000000000000000e+00 0.000000000000000000e+00 0.000000000000000000e+00 0.000000000000000000e+00 4.635852106433061568e-04 0.000000000000000000e+00 0.000000000000000000e+00 0.000000000000000000e+00 0.000000000000000000e+00 0.000000000000000000e+00 0.000000000000000000e+00 -2.351625269226536100e-02 -2.939715447534865800e-01 1.511633296042231818e-03 -7.434354570745362219e-03 0.000000000000000000e+00 -4.509865032431487619e-01 3.409537668919773577e-05 -1.301776012513075620e-01 -1.143137942035863802e-01 -9.961264062140916253e-02 -1.080766809248138449e-01 3.013913400975619036e-05 1.989372222590577325e-05 4.746518577771830974e-05 0.000000000000000000e+00 0.000000000000000000e+00 3.409537668919773577e-05 1.141965417460236675e-05 4.650248113603104721e-06 -3.383077848301066385e-06 -3.237919611137661109e-06 -3.320548582718213698e-06 -3.403737145074104634e-03 -8.978080473992827715e-02 -6.872358821997453192e-05 -1.081565003446531082e-03 0.000000000000000000e+00 -1.301776012513075620e-01 4.650248113603104721e-06 -1.303570585178945307e-01 1.028636493931081429e-04 1.406429472881132765e-05 0.000000000000000000e+00 -6.904886417085873487e-03 -7.348832075962347110e-02 -2.499837033239678675e-04 -1.868753875871914400e-03 0.000000000000000000e+00 -1.143137942035863802e-01 -3.383077848301066385e-06 1.028636493931081429e-04 -1.142320127524266427e-01 4.092736799125555337e-05 4.197179982797680741e-05 -6.563040730836624745e-03 -6.347611566571566277e-02 -1.914060915539327328e-04 -1.835638625392400306e-03 0.000000000000000000e+00 -9.961264062140916253e-02 -3.237919611137661109e-06 1.406429472881132765e-05 4.092736799125555337e-05 -9.949181530095634052e-02 3.012818205897880729e-05 -6.777263732668423711e-03 -6.916832716014278959e-02 -3.435085731381177132e-04 -1.882482571513848391e-03 0.000000000000000000e+00 -1.080766809248138449e-01 -3.320548582718213698e-06 0.000000000000000000e+00 4.197179982797680741e-05 3.012818205897880729e-05 -1.079988441693967710e-01
-2.891874038312455819e-02 -2.457195549406102908e-01 1.447584193203795217e-03 -1.759028343863856814e-01 0.000000000000000000e+00 0.000000000000000000e+00 -7.534783502439047591e-06 -4.451040882019982950e-03 -5.714388758967619587e-03 -5.241317250320915583e-03 -5.585400110716389963e-03 -2.457195549406102908e-01 -3.726157619099896401e+00 -2.939989310283047576e-04 -1.051179743030255798e-01 0.000000000000000000e+00 0.000000000000000000e+00 -9.946861112952886625e-06 -6.463526655001573806e-02 -5.315173242280721994e-02 -4.587728738872814266e-02 -4.997889830483109169e-02 1.447584193203795217e-03 -2.939989310283047576e-04 -1.893560914776335480e-01 -5.749769797799411447e-04 0.000000000000000000e+00 0.000000000000000000e+00 1.582172859257276879e-05 -2.061707646599236093e-04 -9.999348132958715244e-05 -9.570304577696636639e-05 -2.453632665272269535e-04 -1.759028343863856814e-01 -1.051179743030255798e-01 -5.749769797799411447e-04 -3.921203252003683387e-03 0.000000000000000000e+00 0.000000000000000000e+00 -7.781274769962449441e-06 -1.250559535235051421e-03 -1.573687474418454220e-03 -1.435563540370979677e-03 -1.544601084319055040e-03 0.000000000000000000e+00 0.000000000000000000e+00 0.000000000000000000e+00 0.000000000000000000e+00 1.622548237251571603e-03 0.000000000000000000e+00 0.000000000000000000e+00 0.000000000000000000e+00 0.000000000000000000e+00 0.000000000000000000e+00 0.000000000000000000e+00 0.000000000000000000e+00 0.000000000000000000e+00 0.000000000000000000e+00 0.000000000000000000e+00 0.000000000000000000e+00 1.266816020345923333e-03 0.000000000000000000e+00 0.000000000000000000e+00 0.000000000000000000e+00 0.000000000000000000e+00 0.000000000000000000e+00 -7.534783502439047591e-06 -9.946861112952886625e-06 1.582172859257276879e-05 -7.781274769962449441e-06 0.000000000000000000e+00 0.000000000000000000e+00 -5.709827087301183374e-06 0.000000000000000000e+00 -6.766155696602132770e-06 0.000000000000000000e+00 -4.980822874077320123e-06 -4.451040882019982950e-03 -6.463526655001573806e-02 -2.061707646599236093e-04 -1.250559535235051421e-03 0.000000000000000000e+00 0.000000000000000000e+00 0.000000000000000000e+00 -9.737559830664994920e-02 3.673701764039576724e-05 -7.032147364405663826e-06 -7.211601821126897663e-06 -5.714388758967619587e-03 -5.315173242280721994e-02 -9.999348132958715244e-05 -1.573687474418454220e-03 0.000000000000000000e+00 0.000000000000000000e+00 -6.766155696602132770e-06 3.673701764039576724e-05 -8.391007001127372134e-02 2.046368399562777668e-05 2.098589991398840370e-05 -5.241317250320915583e-03 -4.587728738872814266e-02 -9.570304577696636639e-05 -1.435563540370979677e-03 0.000000000000000000e+00 0.000000000000000000e+00 0.000000000000000000e+00 -7.032147364405663826e-06 2.046368399562777668e-05 -7.304140093750448315e-02 5.021363676496467881e-06 -5.585400110716389963e-03 -4.997889830483109169e-02 -2.453632665272269535e-04 -1.544601084319055040e-03 0.000000000000000000e+00 0.000000000000000000e+00 -4.980822874077320123e-06 -7.211601821126897663e-06 2.098589991398840370e-05 5.021363676496467881e-06 -7.928177333189385945e-02
-1.838885429129857974e+00 -7.364586091097494180e-02 2.071158922583891671e-01 1.846651175438644155e-01 -1.738057145687279745e-02 0.000000000000000000e+00 -7.534783502439047591e-06 -8.803897038701290201e-03 -3.904832318627873226e-03 -2.666235296902378857e-03 -3.131563241991616384e-03 -7.364586091097494180e-02 -3.086699461249439169e-01 -2.057992517198133434e-02 -1.850770386628235870e-02 -3.441680778670763025e-02 0.000000000000000000e+00 1.989372222590577325e-05 -9.807624001907468136e-03 -8.643835846405668530e-03 -7.581033719317700065e-03 -8.298965212345410514e-03 2.071158922583891671e-01 -2.057992517198133434e-02 -2.482984846367034759e+00 -1.083256629905409163e-01 -2.255348802384562756e-01 0.000000000000000000e+00 1.582172859257276879e-05 -6.848305566120461985e-02 -5.629632998855756826e-02 -4.854536997036618812e-02 -5.282671128331196259e-02 1.846651175438644155e-01 -1.850770386628235870e-02 -1.083256629905409163e-01 9.425969355778084481e-04 -3.365466691605545520e-03 0.000000000000000000e+00 2.334382430988734663e-05 -3.379890635770409630e-05 -1.032732405087110521e-03 -1.035488455349559047e-03 -1.013644461584379836e-03 -1.738057145687279745e-02 -3.441680778670763025e-02 -2.255348802384562756e-01 -3.365466691605545520e-03 -4.063324371288578596e-01 0.000000000000000000e+00 1.929334508687126218e-05 -1.151452856904704725e-01 -1.013882307083047024e-01 -8.851868358654077507e-02 -9.610338467072720992e-02 0.000000000000000000e+00 0.000000000000000000e+00 0.000000000000000000e+00 0.000000000000000000e+00 0.000000000000000000e+00 9.048685859613739019e-04 0.000000000000000000e+00 0.000000000000000000e+00 0.000000000000000000e+00 0.000000000000000000e+00 0.000000000000000000e+00 -7.534783502439047591e-06 1.989372222590577325e-05 1.582172859257276879e-05 2.334382430988734663e-05 1.929334508687126218e-05 0.000000000000000000e+00 -4.460802411954049722e-06 -4.650248113603104721e-06 1.691538924150533193e-06 1.618959805568830554e-06 4.980822874077320123e-06 -8.803897038701290201e-03 -9.807624001907468136e-03 -6.848305566120461985e-02 -3.379890635770409630e-05 -1.151452856904704725e-01 0.000000000000000000e+00 -4.650248113603104721e-06 -1.148274600740370882e-01 1.322532635054247648e-04 0.000000000000000000e+00 1.442320364225379533e-05 -3.904832318627873226e-03 -8.643835846405668530e-03 -5.629632998855756826e-02 -1.032732405087110521e-03 -1.013882307083047024e-01 0.000000000000000000e+00 1.691538924150533193e-06 1.322532635054247648e-04 -1.018131655961311971e-01 5.627513098797639181e-05 4.197179982797680741e-05 -2.666235296902378857e-03 -7.581033719317700065e-03 -4.854536997036618812e-02 -1.035488455349559047e-03 -8.851868358654077507e-02 0.000000000000000000e+00 1.618959805568830554e-06 0.000000000000000000e+00 5.627513098797639181e-05 -8.877520289132874443e-02 4.017090941197174305e-05 -3.131563241991616384e-03 -8.298965212345410514e-03 -5.282671128331196259e-02 -1.013644461584379836e-03 -9.610338467072720992e-02 0.000000000000000000e+00 4.980822874077320123e-06 1.442320364225379533e-05 4.197179982797680741e-05 4.017090941197174305e-05 -9.629916964289229886e-02
-1.834183482343848759e+00 -7.532599461997056822e-02 2.155786921571190284e-01 1.903606015962255871e-01 0.000000000000000000e+00 -1.943690273544381591e-02 -7.534783502439047591e-06 -9.556646599631140118e-03 -4.142931850251523572e-03 -3.030848670837746946e-03 -3.318522241513504039e-03 -7.532599461997056822e-02 -3.128594783278373370e-01 -2.072692463749548769e-02 -1.865229530273768838e-02 0.000000000000000000e+00 -3.706322277603225218e-02 8.952175001657597115e-05 -1.041249949101189301e-02 -9.021021410612461294e-03 -7.972118792139645804e-03 -8.484072243104044328e-03 2.155786921571190284e-01 -2.072692463749548769e-02 -2.494052376718886688e+00 -1.137304466004723652e-01 0.000000000000000000e+00 -2.350589775345670596e-01 7.910864296286384393e-06 -7.119763739589361762e-02 -5.842119146681129527e-02 -5.041157936301703113e-02 -5.488776272214066637e-02 1.903606015962255871e-01 -1.865229530273768838e-02 -1.137304466004723652e-01 8.521076297623388432e-03 0.000000000000000000e+00 -2.725930009273299249e-03 0.000000000000000000e+00 1.013967190731122821e-04 -1.008143538299322191e-03 -1.082556112410902778e-03 -1.158450813239291334e-03 0.000000000000000000e+00 0.000000000000000000e+00 0.000000000000000000e+00 0.000000000000000000e+00 1.854340842573224627e-03 0.000000000000000000e+00 0.000000000000000000e+00 0.000000000000000000e+00 0.000000000000000000e+00 0.000000000000000000e+00 0.000000000000000000e+00 -1.943690273544381591e-02 -3.706322277603225218e-02 -2.350589775345670596e-01 -2.725930009273299249e-03 0.000000000000000000e+00 -4.100864431576946578e-01 -1.704768834459886788e-05 -1.186260052358331651e-01 -1.051557616802076406e-01 -9.193029928984085275e-02 -9.945804149685658069e-02 -7.534783502439047591e-06 8.952175001657597115e-05 7.910864296286384393e-06 0.000000000000000000e+00 0.000000000000000000e+00 -1.704768834459886788e-05 1.302554304290582394e-05 -2.325124056801552360e-06 -1.691538924150533193e-06 1.618959805568830554e-06 0.000000000000000000e+00 -9.556646599631140118e-03 -1.041249949101189301e-02 -7.119763739589361762e-02 1.013967190731122821e-04 0.000000000000000000e+00 -1.186260052358331651e-01 -2.325124056801552360e-06 -1.186450548356530327e-01 1.616428776177413732e-04 1.406429472881132765e-05 0.000000000000000000e+00 -4.142931850251523572e-03 -9.021021410612461294e-03 -5.842119146681129527e-02 -1.008143538299322191e-03 0.000000000000000000e+00 -1.051557616802076406e-01 -1.691538924150533193e-06 1.616428776177413732e-04 -1.053161001024836840e-01 5.115920998906944340e-05 5.246474978497101265e-05 -3.030848670837746946e-03 -7.972118792139645804e-03 -5.041157936301703113e-02 -1.082556112410902778e-03 0.000000000000000000e+00 -9.193029928984085275e-02 1.618959805568830554e-06 1.406429472881132765e-05 5.115920998906944340e-05 -9.195460602473637390e-02 4.519227308846821093e-05 -3.318522241513504039e-03 -8.484072243104044328e-03 -5.488776272214066637e-02 -1.158450813239291334e-03 0.000000000000000000e+00 -9.945804149685658069e-02 0.000000000000000000e+00 0.000000000000000000e+00 5.246474978497101265e-05 4.519227308846821093e-05 -9.967896118377951586e-02
-1.836127896428288775e+00 -5.432432325752523800e-02 -1.541120402610809681e-01 1.398679449012543707e-01 0.000000000000000000e+00 0.000000000000000000e+00 -1.506956700487809518e-05 -5.629257586084095676e-03 -2.619094847860159014e-03 -1.868643541418761296e-03 -2.196768244382178541e-03 -5.432432325752523800e-02 -2.307323249975878066e-01 1.499394548244354329e-02 -1.344700359034577651e-02 0.000000000000000000e+00 0.000000000000000000e+00 0.000000000000000000e+00 -7.690559790041979343e-03 -6.600747373618874245e-03 -5.836192625189023410e-03 -6.293639045793545349e-03 -1.541120402610809681e-01 1.499394548244354329e-02 -6.780810849373994711e-03 8.153173573279566544e-02 0.000000000000000000e+00 0.000000000000000000e+00 2.373259288885915487e-05 5.078673169456118103e-02 4.189726867709701874e-02 3.615182554224904282e-02 3.940534060427264978e-02 1.398679449012543707e-01 -1.344700359034577651e-02 8.153173573279566544e-02 2.563863664771639204e-03 0.000000000000000000e+00 0.000000000000000000e+00 -1.556254953992489888e-05 -2.365923445039286538e-04 -7.376660036336503412e-04 -8.236839985735129079e-04 -7.964349341020128059e-04 0.000000000000000000e+00 0.000000000000000000e+00 0.000000000000000000e+00 0.000000000000000000e+00 1.390755631929918362e-03 0.000000000000000000e+00 0.000000000000000000e+00 0.000000000000000000e+00 0.000000000000000000e+00 0.000000000000000000e+00 0.000000000000000000e+00 0.000000000000000000e+00 0.000000000000000000e+00 0.000000000000000000e+00 0.000000000000000000e+00 0.000000000000000000e+00 1.085842303153648726e-03 0.000000000000000000e+00 0.000000000000000000e+00 0.000000000000000000e+00 0.000000000000000000e+00 0.000000000000000000e+00 -1.506956700487809518e-05 0.000000000000000000e+00 2.373259288885915487e-05 -1.556254953992489888e-05 0.000000000000000000e+00 0.000000000000000000e+00 -4.817666604910373260e-06 0.000000000000000000e+00 0.000000000000000000e+00 1.618959805568830554e-06 3.320548582718213698e-06 -5.629257586084095676e-03 -7.690559790041979343e-03 5.078673169456118103e-02 -2.365923445039286538e-04 0.000000000000000000e+00 0.000000000000000000e+00 0.000000000000000000e+00 -8.866313336567811787e-02 5.143182469655407143e-05 0.000000000000000000e+00 0.000000000000000000e+00 -2.619094847860159014e-03 -6.600747373618874245e-03 4.189726867709701874e-02 -7.376660036336503412e-04 0.000000000000000000e+00 0.000000000000000000e+00 0.000000000000000000e+00 5.143182469655407143e-05 -7.741912880748830217e-02 2.046368399562777668e-05 0.000000000000000000e+00 -1.868643541418761296e-03 -5.836192625189023410e-03 3.615182554224904282e-02 -8.236839985735129079e-04 0.000000000000000000e+00 0.000000000000000000e+00 1.618959805568830554e-06 0.000000000000000000e+00 2.046368399562777668e-05 -6.738114936324487991e-02 3.514954573547527517e-05 -2.196768244382178541e-03 -6.293639045793545349e-03 3.940534060427264978e-02 -7.964349341020128059e-04 0.000000000000000000e+00 0.000000000000000000e+00 3.320548582718213698e-06 0.000000000000000000e+00 0.000000000000000000e+00 3.514954573547527517e-05 -7.303885721497825612e-02
-1.841183373047832417e+00 -7.294580519889343195e-02 -2.034412554602564316e-01 1.835698321491795737e-01 -1.792371431490007161e-02 0.000000000000000000e+00 1.506956700487809518e-05 -9.393005390733346130e-03 -4.285791569225714040e-03 -3.235943693676391307e-03 -3.598960740796335305e-03 -7.294580519889343195e-02 -2.980112833146414397e-01 1.969792837889642115e-02 -1.865229530273768838e-02 -3.585084144448711513e-02 0.000000000000000000e+00 -7.957488890362309300e-05 -9.721213217749692659e-03 -8.675267976756235316e-03 -7.490783317897251048e-03 -8.298965212345410514e-03 -2.034412554602564316e-01 1.969792837889642115e-02 -5.533765175925903571e-03 1.080956721986289365e-01 2.243943751550759591e-01 0.000000000000000000e+00 0.000000000000000000e+00 6.793326695544482652e-02 5.577136421157723872e-02 4.811470626436983866e-02 5.240959373021567697e-02 1.835698321491795737e-01 -1.865229530273768838e-02 1.080956721986289365e-01 2.149121013117403362e-03 -3.085011133971750277e-03 0.000000000000000000e+00 -2.334382430988734663e-05 1.689945317885204747e-04 -8.114326039970154404e-04 -9.648869697575436673e-04 -9.895100696418947673e-04 -1.792371431490007161e-02 -3.585084144448711513e-02 2.243943751550759591e-01 -3.085011133971750277e-03 -3.914977103882720244e-01 0.000000000000000000e+00 1.929334508687126218e-05 -1.142234529811581162e-01 -1.010224283124840083e-01 -8.840198130099490015e-02 -9.580418359765521807e-02 0.000000000000000000e+00 0.000000000000000000e+00 0.000000000000000000e+00 0.000000000000000000e+00 0.000000000000000000e+00 7.238948687690990782e-04 0.000000000000000000e+00 0.000000000000000000e+00 0.000000000000000000e+00 0.000000000000000000e+00 0.000000000000000000e+00 1.506956700487809518e-05 -7.957488890362309300e-05 0.000000000000000000e+00 -2.334382430988734663e-05 1.929334508687126218e-05 0.000000000000000000e+00 -1.962753061259781573e-06 6.975372170404657081e-06 0.000000000000000000e+00 1.618959805568830554e-06 4.980822874077320123e-06 -9.393005390733346130e-03 -9.721213217749692659e-03 6.793326695544482652e-02 1.689945317885204747e-04 -1.142234529811581162e-01 0.000000000000000000e+00 6.975372170404657081e-06 -1.141002991670626299e-01 1.469480705615830690e-04 0.000000000000000000e+00 0.000000000000000000e+00 -4.285791569225714040e-03 -8.675267976756235316e-03 5.577136421157723872e-02 -8.114326039970154404e-04 -1.010224283124840083e-01 0.000000000000000000e+00 0.000000000000000000e+00 1.469480705615830690e-04 -1.012768567017201665e-01 3.069552599344167011e-05 5.771122476346811527e-05 -3.235943693676391307e-03 -7.490783317897251048e-03 4.811470626436983866e-02 -9.648869697575436673e-04 -8.840198130099490015e-02 0.000000000000000000e+00 1.618959805568830554e-06 0.000000000000000000e+00 3.069552599344167011e-05 -8.845693615056154924e-02 5.523500044146114669e-05 -3.598960740796335305e-03 -8.298965212345410514e-03 5.240959373021567697e-02 -9.895100696418947673e-04 -9.580418359765521807e-02 0.000000000000000000e+00 4.980822874077320123e-06 0.000000000000000000e+00 5.771122476346811527e-05 5.523500044146114669e-05 -9.591124029386206840e-02
3.913575257227247528e-02 1.842546634198536371e-01 1.670289453696686705e-03 -2.035040263324436882e-01 0.000000000000000000e+00 4.439292600070501166e-02 -7.534783502439047591e-06 1.672413154935449564e-02 1.009542014084279481e-02 8.158224241803860299e-03 9.137621101632253245e-03 1.842546634198536371e-01 -3.881478364445402080e-03 5.879978620566095153e-04 1.048287914301149204e-01 0.000000000000000000e+00 2.182612007921899133e-01 9.946861112952886625e-06 6.614745527277680892e-02 5.440901763682986364e-02 4.674970793579248662e-02 5.099698697400358027e-02 1.670289453696686705e-03 5.879978620566095153e-04 -2.151933190243861815e-01 -8.049677716919176893e-04 0.000000000000000000e+00 -7.558166480211159092e-04 7.910864296286384393e-06 -2.405325587699108821e-04 -1.749885923267775235e-04 -2.392576144424159092e-04 -2.453632665272269535e-04 -2.035040263324436882e-01 1.048287914301149204e-01 -8.049677716919176893e-04 3.355645090656997950e-03 0.000000000000000000e+00 2.676367645468330156e-02 2.334382430988734663e-05 8.010340806775869543e-03 6.220983297310451673e-03 5.153908448217123586e-03 5.719850890369001031e-03 0.000000000000000000e+00 0.000000000000000000e+00 0.000000000000000000e+00 0.000000000000000000e+00 -1.622548237251571603e-03 0.000000000000000000e+00 0.000000000000000000e+00 0.000000000000000000e+00 0.000000000000000000e+00 0.000000000000000000e+00 0.000000000000000000e+00 4.439292600070501166e-02 2.182612007921899133e-01 -7.558166480211159092e-04 2.676367645468330156e-02 0.000000000000000000e+00 -3.782350689318542680e-01 -6.819075337839547153e-05 -1.089996752229378391e-01 -9.691353240916678047e-02 -8.460887332284287854e-02 -9.157965330811036753e-02 -7.534783502439047591e-06 9.946861112952886625e-06 7.910864296286384393e-06 2.334382430988734663e-05 0.000000000000000000e+00 -6.819075337839547153e-05 5.709827087301183374e-06 0.000000000000000000e+00 3.383077848301066385e-06 3.237919611137661109e-06 4.980822874077320123e-06 1.672413154935449564e-02 6.614745527277680892e-02 -2.405325587699108821e-04 8.010340806775869543e-03 0.000000000000000000e+00 -1.089996752229378391e-01 0.000000000000000000e+00 -1.090034398468805038e-01 1.542954740896622075e-04 -1.406429472881132765e-05 7.211601821126897663e-06 1.009542014084279481e-02 5.440901763682986364e-02 -1.749885923267775235e-04 6.220983297310451673e-03 0.000000000000000000e+00 -9.691353240916678047e-02 3.383077848301066385e-06 1.542954740896622075e-04 -9.683137267661870440e-02 5.627513098797639181e-05 6.295769974196521789e-05 8.158224241803860299e-03 4.674970793579248662e-02 -2.392576144424159092e-04 5.153908448217123586e-03 0.000000000000000000e+00 -8.460887332284287854e-02 3.237919611137661109e-06 -1.406429472881132765e-05 5.627513098797639181e-05 -8.466058518120520016e-02 5.523500044146114669e-05 9.137621101632253245e-03 5.099698697400358027e-02 -2.453632665272269535e-04 5.719850890369001031e-03 0.000000000000000000e+00 -9.157965330811036753e-02 4.980822874077320123e-06 7.211601821126897663e-06 6.295769974196521789e-05 5.523500044146114669e-05 -9.180193559661270486e-02
2.467638238071019618e-02 1.332906075803196588e-01 1.224878932710903512e-03 -1.491778707560755257e-01 0.000000000000000000e+00 0.000000000000000000e+00 0.000000000000000000e+00 1.060395033657701887e-02 6.690596838624587352e-03 5.514777280772441975e-03 6.076167484461344678e-03 1.332906075803196588e-01 -1.484819501319590423e-02 5.879978620566095153e-04 7.779019281296803423e-02 0.000000000000000000e+00 0.000000000000000000e+00 1.989372222590577325e-05 4.752593128677627676e-02 3.929016293820758454e-02 3.393415093408875399e-02 3.686715029276120548e-02 1.224878932710903512e-03 5.879978620566095153e-04 -1.602453690380796769e-01 -5.749769797799411447e-04 0.000000000000000000e+00 0.000000000000000000e+00 -3.164345718514553757e-05 -1.718089705499363366e-04 -1.499902219943807422e-04 -7.177728433272477818e-05 -1.472179599163361667e-04 -1.491778707560755257e-01 7.779019281296803423e-02 -5.749769797799411447e-04 5.278542839235727136e-04 0.000000000000000000e+00 0.000000000000000000e+00 -1.556254953992489888e-05 5.678216268094287908e-03 4.401407155014113934e-03 3.718344907846143910e-03 4.102846630222489917e-03 0.000000000000000000e+00 0.000000000000000000e+00 0.000000000000000000e+00 0.000000000000000000e+00 6.953778159649591810e-04 0.000000000000000000e+00 0.000000000000000000e+00 0.000000000000000000e+00 0.000000000000000000e+00 0.000000000000000000e+00 0.000000000000000000e+00 0.000000000000000000e+00 0.000000000000000000e+00 0.000000000000000000e+00 0.000000000000000000e+00 0.000000000000000000e+00 5.429211515768243628e-04 0.000000000000000000e+00 0.000000000000000000e+00 0.000000000000000000e+00 0.000000000000000000e+00 0.000000000000000000e+00 0.000000000000000000e+00 1.989372222590577325e-05 -3.164345718514553757e-05 -1.556254953992489888e-05 0.000000000000000000e+00 0.000000000000000000e+00 -1.766477755133803585e-05 2.325124056801552360e-06 1.691538924150533193e-06 6.475839222275322218e-06 -3.320548582718213698e-06 1.060395033657701887e-02 4.752593128677627676e-02 -1.718089705499363366e-04 5.678216268094287908e-03 0.000000000000000000e+00 0.000000000000000000e+00 2.325124056801552360e-06 -8.193689497616432615e-02 5.143182469655407143e-05 -7.032147364405663826e-06 -7.211601821126897663e-06 6.690596838624587352e-03 3.929016293820758454e-02 -1.499902219943807422e-04 4.401407155014113934e-03 0.000000000000000000e+00 0.000000000000000000e+00 1.691538924150533193e-06 5.143182469655407143e-05 -7.155892962570126192e-02 2.046368399562777668e-05 1.573942493549130447e-05 5.514777280772441975e-03 3.393415093408875399e-02 -7.177728433272477818e-05 3.718344907846143910e-03 0.000000000000000000e+00 0.000000000000000000e+00 6.475839222275322218e-06 -7.032147364405663826e-06 2.046368399562777668e-05 -6.243903812712663787e-02 2.008545470598587152e-05 6.076167484461344678e-03 3.686715029276120548e-02 -1.472179599163361667e-04 4.102846630222489917e-03 0.000000000000000000e+00 0.000000000000000000e+00 -3.320548582718213698e-06 -7.211601821126897663e-06 1.573942493549130447e-05 2.008545470598587152e-05 -6.769882091040732575e-02
3.153486115128008305e-02 1.775341285838711591e-01 1.447584193203795217e-03 -1.962751427275237492e-01 3.992100006500470810e-02 0.000000000000000000e+00 -7.534783502439047591e-06 1.577501253774729259e-02 9.714460890244953559e-03 7.884764211352333907e-03 8.623483852947063169e-03 1.775341285838711591e-01 -9.980944365716748826e-03 8.819967930849143814e-04 1.025153284468296316e-01 2.082933887924701410e-01 0.000000000000000000e+00 -9.946861112952886625e-06 6.359833714012243233e-02 5.211447212123854200e-02 4.521545111164485681e-02 4.896080963565861005e-02 1.447584193203795217e-03 8.819967930849143814e-04 -2.096595538484602728e-01 0.000000000000000000e+00 -8.553788125352324110e-04 0.000000000000000000e+00 1.582172859257276879e-05 -2.405325587699108821e-04 -2.499837033239678811e-05 -2.631833758866575245e-04 -9.814530661089077327e-05 -1.962751427275237492e-01 1.025153284468296316e-01 0.000000000000000000e+00 -8.294853033084714691e-04 2.468008907177400221e-02 0.000000000000000000e+00 1.556254953992489888e-05 7.841346274987349638e-03 6.048861229795933145e-03 5.059773134094436124e-03 5.502641362886633893e-03 3.992100006500470810e-02 2.082933887924701410e-01 -8.553788125352324110e-04 2.468008907177400221e-02 -3.724907167518964890e-01 0.000000000000000000e+00 -3.858669017374252437e-05 -1.054241407559038252e-01 -9.358444626412971978e-02 -8.180830216765337670e-02 -8.892255891699915593e-02 0.000000000000000000e+00 0.000000000000000000e+00 0.000000000000000000e+00 0.000000000000000000e+00 0.000000000000000000e+00 -1.447789737538198156e-03 0.000000000000000000e+00 0.000000000000000000e+00 0.000000000000000000e+00 0.000000000000000000e+00 0.000000000000000000e+00 -7.534783502439047591e-06 -9.946861112952886625e-06 1.582172859257276879e-05 1.556254953992489888e-05 -3.858669017374252437e-05 0.000000000000000000e+00 -1.391770352529663405e-05 0.000000000000000000e+00 -3.383077848301066385e-06 -3.237919611137661109e-06 -4.980822874077320123e-06 1.577501253774729259e-02 6.359833714012243233e-02 -2.405325587699108821e-04 7.841346274987349638e-03 -1.054241407559038252e-01 0.000000000000000000e+00 0.000000000000000000e+00 -1.054854623108234801e-01 1.175584564492664470e-04 7.032147364405663826e-06 -2.163480546338069214e-05 9.714460890244953559e-03 5.211447212123854200e-02 -2.499837033239678811e-05 6.048861229795933145e-03 -9.358444626412971978e-02 0.000000000000000000e+00 -3.383077848301066385e-06 1.175584564492664470e-04 -9.375249636584703783e-02 4.604328899016250177e-05 6.820417472046231373e-05 7.884764211352333907e-03 4.521545111164485681e-02 -2.631833758866575245e-04 5.059773134094436124e-03 -8.180830216765337670e-02 0.000000000000000000e+00 -3.237919611137661109e-06 7.032147364405663826e-06 4.604328899016250177e-05 -8.194470899332516323e-02 5.021363676496467881e-05 8.623483852947063169e-03 4.896080963565861005e-02 -9.814530661089077327e-05 5.502641362886633893e-03 -8.892255891699915593e-02 0.000000000000000000e+00 -4.980822874077320123e-06 -2.163480546338069214e-05 6.820417472046231373e-05 5.021363676496467881e-05 -8.875514535533549076e-02
3.913575257227247528e-02 1.842546634198536371e-01 1.670289453696686705e-03 -2.035040263324436882e-01 0.000000000000000000e+00 4.439292600070501166e-02 -7.534783502439047591e-06 1.672413154935449564e-02 1.009542014084279481e-02 8.158224241803860299e-03 9.137621101632253245e-03 1.842546634198536371e-01 -3.881478364445402080e-03 5.879978620566095153e-04 1.048287914301149204e-01 0.000000000000000000e+00 2.182612007921899133e-01 9.946861112952886625e-06 6.614745527277680892e-02 5.440901763682986364e-02 4.674970793579248662e-02 5.099698697400358027e-02 1.670289453696686705e-03 5.879978620566095153e-04 -2.151933190243861815e-01 -8.049677716919176893e-04 0.000000000000000000e+00 -7.558166480211159092e-04 7.910864296286384393e-06 -2.405325587699108821e-04 -1.749885923267775235e-04 -2.392576144424159092e-04 -2.453632665272269535e-04 -2.035040263324436882e-01 1.048287914301149204e-01 -8.049677716919176893e-04 3.355645090656997950e-03 0.000000000000000000e+00 2.676367645468330156e-02 2.334382430988734663e-05 8.010340806775869543e-03 6.220983297310451673e-03 5.153908448217123586e-03 5.719850890369001031e-03 0.000000000000000000e+00 0.000000000000000000e+00 0.000000000000000000e+00 0.000000000000000000e+00 -1.622548237251571603e-03 0.000000000000000000e+00 0.000000000000000000e+00 0.000000000000000000e+00 0.000000000000000000e+00 0.000000000000000000e+00 0.000000000000000000e+00 4.439292600070501166e-02 2.182612007921899133e-01 -7.558166480211159092e-04 2.676367645468330156e-02 0.000000000000000000e+00 -3.782350689318542680e-01 -6.819075337839547153e-05 -1.089996752229378391e-01 -9.691353240916678047e-02 -8.460887332284287854e-02 -9.157965330811036753e-02 -7.534783502439047591e-06 9.946861112952886625e-06 7.910864296286384393e-06 2.334382430988734663e-05 0.000000000000000000e+00 -6.819075337839547153e-05 5.709827087301183374e-06 0.000000000000000000e+00 3.383077848301066385e-06 3.237919611137661109e-06 4.980822874077320123e-06 1.672413154935449564e-02 6.614745527277680892e-02 -2.405325587699108821e-04 8.010340806775869543e-03 0.000000000000000000e+00 -1.089996752229378391e-01 0.000000000000000000e+00 -1.090034398468805038e-01 1.542954740896622075e-04 -1.406429472881132765e-05 7.211601821126897663e-06 1.009542014084279481e-02 5.440901763682986364e-02 -1.749885923267775235e-04 6.220983297310451673e-03 0.000000000000000000e+00 -9.691353240916678047e-02 3.383077848301066385e-06 1.542954740896622075e-04 -9.683137267661870440e-02 5.627513098797639181e-05 6.295769974196521789e-05 8.158224241803860299e-03 4.674970793579248662e-02 -2.392576144424159092e-04 5.153908448217123586e-03 0.000000000000000000e+00 -8.460887332284287854e-02 3.237919611137661109e-06 -1.406429472881132765e-05 5.627513098797639181e-05 -8.466058518120520016e-02 5.523500044146114669e-05 9.137621101632253245e-03 5.099698697400358027e-02 -2.453632665272269535e-04 5.719850890369001031e-03 0.000000000000000000e+00 -9.157965330811036753e-02 4.980822874077320123e-06 7.211601821126897663e-06 6.295769974196521789e-05 5.523500044146114669e-05 -9.180193559661270486e-02
-1.836127896428288775e+00 -5.432432325752523800e-02 -1.541120402610809681e-01 1.398679449012543707e-01 0.000000000000000000e+00 0.000000000000000000e+00 -1.506956700487809518e-05 -5.629257586084095676e-03 -2.619094847860159014e-03 -1.868643541418761296e-03 -2.196768244382178541e-03 -5.432432325752523800e-02 -2.307323249975878066e-01 1.499394548244354329e-02 -1.344700359034577651e-02 0.000000000000000000e+00 0.000000000000000000e+00 0.000000000000000000e+00 -7.690559790041979343e-03 -6.600747373618874245e-03 -5.836192625189023410e-03 -6.293639045793545349e-03 -1.541120402610809681e-01 1.499394548244354329e-02 -6.780810849373994711e-03 8.153173573279566544e-02 0.000000000000000000e+00 0.000000000000000000e+00 2.373259288885915487e-05 5.078673169456118103e-02 4.189726867709701874e-02 3.615182554224904282e-02 3.940534060427264978e-02 1.398679449012543707e-01 -1.344700359034577651e-02 8.153173573279566544e-02 2.563863664771639204e-03 0.000000000000000000e+00 0.000000000000000000e+00 -1.556254953992489888e-05 -2.365923445039286538e-04 -7.376660036336503412e-04 -8.236839985735129079e-04 -7.964349341020128059e-04 0.000000000000000000e+00 0.000000000000000000e+00 0.000000000000000000e+00 0.000000000000000000e+00 1.390755631929918362e-03 0.000000000000000000e+00 0.000000000000000000e+00 0.000000000000000000e+00 0.000000000000000000e+00 0.000000000000000000e+00 0.000000000000000000e+00 0.000000000000000000e+00 0.000000000000000000e+00 0.000000000000000000e+00 0.000000000000000000e+00 0.000000000000000000e+00 1.085842303153648726e-03 0.000000000000000000e+00 0.000000000000000000e+00 0.000000000000000000e+00 0.000000000000000000e+00 0.000000000000000000e+00 -1.506956700487809518e-05 0.000000000000000000e+00 2.373259288885915487e-05 -1.556254953992489888e-05 0.000000000000000000e+00 0.000000000000000000e+00 -4.817666604910373260e-06 0.000000000000000000e+00 0.000000000000000000e+00 1.618959805568830554e-06 3.320548582718213698e-06 -5.629257586084095676e-03 -7.690559790041979343e-03 5.078673169456118103e-02 -2.365923445039286538e-04 0.000000000000000000e+00 0.000000000000000000e+00 0.000000000000000000e+00 -8.866313336567811787e-02 5.143182469655407143e-05 0.000000000000000000e+00 0.000000000000000000e+00 -2.619094847860159014e-03 -6.600747373618874245e-03 4.189726867709701874e-02 -7.376660036336503412e-04 0.000000000000000000e+00 0.000000000000000000e+00 0.000000000000000000e+00 5.143182469655407143e-05 -7.741912880748830217e-02 2.046368399562777668e-05 0.000000000000000000e+00 -1.868643541418761296e-03 -5.836192625189023410e-03 3.615182554224904282e-02 -8.236839985735129079e-04 0.000000000000000000e+00 0.000000000000000000e+00 1.618959805568830554e-06 0.000000000000000000e+00 2.046368399562777668e-05 -6.738114936324487991e-02 3.514954573547527517e-05 -2.196768244382178541e-03 -6.293639045793545349e-03 3.940534060427264978e-02 -7.964349341020128059e-04 0.000000000000000000e+00 0.000000000000000000e+00 3.320548582718213698e-06 0.000000000000000000e+00 0.000000000000000000e+00 3.514954573547527517e-05 -7.303885721497825612e-02
